2.0 0.48971158266067505 0.3135817050933838 0.05302885174751282 0.0848076343536377
2.0 0.5014663338661194 0.20497596263885498 0.11067306995391846 0.12336540222167969
2.0 0.06475961208343506 0.3142548203468323 0.05978365242481232 0.08454322814941406
6.0 0.011682691983878613 0.3228365182876587 0.0233413465321064 0.05295670032501221
6.0 0.01586538553237915 0.274591326713562 0.0317307710647583 0.050913453102111816
2.0 0.05521634593605995 0.20512020587921143 0.10324519127607346 0.12252402305603027
2.0 0.9400961399078369 0.20288461446762085 0.1037740707397461 0.12699520587921143
2.0 0.9508653879165649 0.3131009340286255 0.06278848648071289 0.08206725120544434
6.0 0.8897355794906616 0.32423079013824463 0.03670668601989746 0.052596211433410645
6.0 0.890096127986908 0.27067309617996216 0.05182695388793945 0.06593751907348633
6.0 0.5298557877540588 0.2814182639122009 0.0476682186126709 0.03485572338104248
6.0 0.5521875023841858 0.3237019181251526 0.02987980842590332 0.046442270278930664
7.0 0.6659374833106995 0.24632209539413452 0.15158653259277344 0.14829325675964355
7.0 0.7743750214576721 0.24384617805480957 0.14730775356292725 0.16526436805725098
8.0 0.8583653569221497 0.39896637201309204 0.24771630764007568 0.2635817527770996
8.0 0.8579567074775696 0.35322117805480957 0.26824522018432617 0.41382214426994324
8.0 0.5662500262260437 0.3456730842590332 0.24307692050933838 0.3995673358440399
8.0 0.5715144276618958 0.40540868043899536 0.21353363990783691 0.2640865743160248
