2.0 0.30098557472229004 0.4660577178001404 0.05649036169052124 0.09012019634246826
2.0 0.31802883744239807 0.29086536169052124 0.06927883625030518 0.11057686805725098
2.0 0.34040865302085876 0.614639401435852 0.06372594833374023 0.10509616136550903
2.0 0.23908653855323792 0.09603363275527954 0.13086539506912231 0.190504789352417
7.0 0.49810099601745605 0.6327403783798218 0.16343751549720764 0.14605772495269775
7.0 0.4473077058792114 0.4473557472229004 0.13740384578704834 0.1252884864807129
7.0 0.4616827070713043 0.2729327082633972 0.135240375995636 0.15824520587921143
7.0 0.5058894157409668 0.10391825437545776 0.2305288314819336 0.20781254768371582
2.0 0.045432690531015396 0.46716344356536865 0.051394231617450714 0.07882213592529297
8.0 0.01399038452655077 0.617235541343689 0.027956731617450714 0.08086538314819336
8.0 0.02699519321322441 0.2890625 0.05225961655378342 0.09850966930389404
8.0 0.10216347128152847 0.0961538553237915 0.1274038553237915 0.192307710647583
6.0 0.37629806995391846 0.29874998331069946 0.029735565185546875 0.053966403007507324
6.0 0.358798086643219 0.470024049282074 0.032475948333740234 0.04221153259277344
6.0 0.3970913589000702 0.5948798060417175 0.03009617328643799 0.04319709539413452
6.0 0.3581250011920929 0.12377405166625977 0.05862981081008911 0.10629808902740479
8.0 0.07992788404226303 0.09704327583312988 0.15985576808452606 0.19408655166625977
8.0 0.030841348692774773 0.46562498807907104 0.06165865808725357 0.09221151471138
8.0 0.47081729769706726 0.2830769419670105 0.3835816979408264 0.18603360652923584
8.0 0.46899038553237915 0.15370190143585205 0.5963221788406372 0.3074038028717041
8.0 0.8990384340286255 0.14182692766189575 0.19711542129516602 0.2836538553237915
8.0 0.48266828060150146 0.4781009554862976 0.42444708943367004 0.22524034976959229
8.0 0.5180288553237915 0.6220913529396057 0.42307689785957336 0.18790864944458008
