2.0 0.69901442527771 0.4660577178001404 0.05649036169052124 0.09012019634246826
2.0 0.6819711923599243 0.29086536169052124 0.06927883625030518 0.11057686805725098
2.0 0.6595913171768188 0.614639401435852 0.06372594833374023 0.10509616136550903
2.0 0.7609134912490845 0.09603363275527954 0.13086539506912231 0.190504789352417
7.0 0.501899003982544 0.6327403783798218 0.16343751549720764 0.14605772495269775
7.0 0.5526922941207886 0.4473557472229004 0.13740384578704834 0.1252884864807129
7.0 0.5383173227310181 0.2729327082633972 0.135240375995636 0.15824520587921143
7.0 0.4941105842590332 0.10391825437545776 0.2305288314819336 0.20781254768371582
2.0 0.9545673131942749 0.46716344356536865 0.051394231617450714 0.07882213592529297
8.0 0.9860095977783203 0.617235541343689 0.027956731617450714 0.08086538314819336
8.0 0.9730048179626465 0.2890625 0.05225961655378342 0.09850966930389404
8.0 0.8978365063667297 0.0961538553237915 0.1274038553237915 0.192307710647583
6.0 0.6237019300460815 0.29874998331069946 0.029735565185546875 0.053966403007507324
6.0 0.641201913356781 0.470024049282074 0.032475948333740234 0.04221153259277344
6.0 0.6029086112976074 0.5948798060417175 0.03009617328643799 0.04319709539413452
6.0 0.6418750286102295 0.12377405166625977 0.05862981081008911 0.10629808902740479
8.0 0.9200721383094788 0.09704327583312988 0.15985576808452606 0.19408655166625977
8.0 0.9691586494445801 0.46562498807907104 0.06165865808725357 0.09221151471138
8.0 0.5291826725006104 0.2830769419670105 0.3835816979408264 0.18603360652923584
8.0 0.5310096144676208 0.15370190143585205 0.5963221788406372 0.3074038028717041
8.0 0.10096156597137451 0.14182692766189575 0.19711542129516602 0.2836538553237915
8.0 0.5173317193984985 0.4781009554862976 0.42444708943367004 0.22524034976959229
8.0 0.4819711446762085 0.6220913529396057 0.42307689785957336 0.18790864944458008
