2.0 0.40120190382003784 0.8928192853927612 0.06622598320245743 0.07036144286394119
5.0 0.6294952034950256 0.6798795461654663 0.058125030249357224 0.11472289264202118
5.0 0.5481009483337402 0.5827952027320862 0.07387015968561172 0.11951804906129837
5.0 0.44615381956100464 0.3366023898124695 0.11721152067184448 0.11281931400299072
5.0 0.1390865445137024 0.37371087074279785 0.049134619534015656 0.07985547184944153
5.0 0.1683894246816635 0.528240978717804 0.039062488824129105 0.06342171132564545
5.0 0.22745192050933838 0.688385546207428 0.019807681441307068 0.03573496267199516
6.0 0.45384615659713745 0.8965542316436768 0.029615387320518494 0.03590361773967743
1.0 0.6600721478462219 0.8082650899887085 0.05057688429951668 0.03696386516094208
6.0 0.25295671820640564 0.6905542016029358 0.015841340646147728 0.021060248836874962
6.0 0.22103364765644073 0.5336626768112183 0.031009607017040253 0.03537348657846451
6.0 0.201778843998909 0.36739760637283325 0.037139419466257095 0.04775906354188919
6.0 0.5231009721755981 0.29980722069740295 0.044495176523923874 0.0624578557908535
6.0 0.6460336446762085 0.5824337601661682 0.0328124463558197 0.06520484387874603
7.0 0.5097596049308777 0.8057108521461487 0.12771634757518768 0.1349879503250122
7.0 0.8325721025466919 0.7204819321632385 0.3166106045246124 0.30889156460762024
7.0 0.6955047845840454 0.5553011894226074 0.18324518203735352 0.12289156019687653
7.0 0.5881971120834351 0.2239999771118164 0.26055291295051575 0.2622891664505005
7.0 0.30454328656196594 0.35530123114585876 0.16014423966407776 0.1607469916343689
7.0 0.3220673203468323 0.5262168645858765 0.18502402305603027 0.10879521071910858
7.0 0.294447124004364 0.6807228922843933 0.061081744730472565 0.06826508790254593
8.0 0.34348559379577637 0.6859517693519592 0.25874999165534973 0.09224093705415726
8.0 0.5343028903007507 0.8316144347190857 0.3347596228122711 0.18987952172756195
8.0 0.7980769276618958 0.6626505851745605 0.40144234895706177 0.44096383452415466
8.0 0.7059856057167053 0.5410120487213135 0.4274519383907318 0.2375180423259735
8.0 0.6515144109725952 0.2392529845237732 0.5313941836357117 0.3935421407222748
8.0 0.3532932698726654 0.5250843167304993 0.419182687997818 0.15922893583774567
8.0 0.32925480604171753 0.34997591376304626 0.4431971311569214 0.20653016865253448
8.0 0.9993990659713745 0.6626505851745605 0.0012019231216982007 0.44096383452415466
