8.0 0.0006009615608491004 0.19518069922924042 0.0012019231216982007 0.29638558626174927
2.0 0.38449519872665405 0.4769156873226166 0.10723559558391571 0.197060227394104
2.0 0.08841346204280853 0.19802410900592804 0.14009614288806915 0.30734941363334656
2.0 0.22036056220531464 0.19204820692539215 0.13612979650497437 0.2986505329608917
6.0 0.3506971299648285 0.2606505751609802 0.10836536437273026 0.1373494416475296
6.0 0.5117548108100891 0.5027710795402527 0.056129831820726395 0.0971565991640091
7.0 0.7704326510429382 0.43710842728614807 0.45673081278800964 0.22506026923656464
7.0 0.7180529236793518 0.1835903376340866 0.5614663362503052 0.3671806752681732
8.0 0.572115421295166 0.1837349236011505 0.8485576510429382 0.367469847202301
8.0 0.6622596383094788 0.43493974208831787 0.6730769276618958 0.27469876408576965
8.0 0.04447115585207939 0.19518069922924042 0.08653846383094788 0.29638558626174927
7.0 0.9993990659713745 0.43710842728614807 0.0012019231216982007 0.22506026923656464
7.0 0.999405026435852 0.1835903376340866 0.0011899118544533849 0.3671806752681732
8.0 0.9993990659713745 0.43493974208831787 0.0012019231216982007 0.27469876408576965
