8.0 0.0006009615608491004 0.03384939953684807 0.0012019231216982007 0.06769879907369614
8.0 0.000594952201936394 0.44604820013046265 0.001189904403872788 0.2966265082359314
7.0 0.0006009615608491004 0.029518067836761475 0.0012019231216982007 0.05903613567352295
11.0 0.0006009615608491004 0.5963855385780334 0.0012019231216982007 0.10120484977960587
8.0 0.6262019276618958 0.03072289191186428 0.745192289352417 0.06144578382372856
8.0 0.1087019219994545 0.03384939953684807 0.2150000035762787 0.06769879907369614
8.0 0.11348557472229004 0.44604820013046265 0.2245432585477829 0.2966265082359314
8.0 0.11579327285289764 0.5767470002174377 0.22572115063667297 0.22802408039569855
8.0 0.10206729918718338 0.9365843534469604 0.19826923310756683 0.12683133780956268
8.0 0.516153872013092 0.9053012132644653 0.5594471096992493 0.18939758837223053
8.0 0.896634578704834 0.9183132648468018 0.20432697236537933 0.16337350010871887
8.0 0.482524037361145 0.5589156746864319 0.5196393728256226 0.2327229231595993
8.0 0.5620913505554199 0.45113253593444824 0.6959615349769592 0.29339757561683655
1.0 0.49985575675964355 0.6376144289970398 0.07699518650770187 0.04775906354188919
7.0 0.5039423108100891 0.9385783076286316 0.4560336768627167 0.12284337729215622
7.0 0.09673076868057251 0.9417590498924255 0.1738942265510559 0.11648192256689072
7.0 0.07451922446489334 0.029518067836761475 0.14663460850715637 0.05903613567352295
7.0 0.3725961446762085 0.027108419686555862 0.18028846383094788 0.054216839373111725
11.0 0.3885817229747772 0.4593493938446045 0.2527884244918823 0.23566262423992157
11.0 0.3801923096179962 0.5996626615524292 0.22569714486598969 0.10992773622274399
11.0 0.08413461595773697 0.5963855385780334 0.16586537659168243 0.10120484977960587
11.0 0.08829326182603836 0.45448192954063416 0.16730767488479614 0.22125297784805298
2.0 0.1851923018693924 0.3728674650192261 0.06233174353837967 0.11599995195865631
2.0 0.1827644258737564 0.5233011841773987 0.07122594118118286 0.11462651938199997
2.0 0.2541345953941345 0.5195421576499939 0.08002405613660812 0.11869878321886063
2.0 0.25718751549720764 0.37677109241485596 0.07930289208889008 0.1219758540391922
8.0 0.9993990659713745 0.03072289191186428 0.0012019231216982007 0.06144578382372856
8.0 0.9993990659713745 0.9183132648468018 0.0012019231216982007 0.16337350010871887
