6.0 0.0006009615608491004 0.3503132462501526 0.0012019231216982007 0.05093970149755478
7.0 0.0006009615608491004 0.23293974995613098 0.0012019231216982007 0.1548675149679184
2.0 0.461201936006546 0.727012038230896 0.04430287703871727 0.08583132177591324
2.0 0.45836538076400757 0.5366988182067871 0.04891826957464218 0.06368675827980042
2.0 0.5159134864807129 0.6613494157791138 0.03699519485235214 0.034722886979579926
2.0 0.04819711670279503 0.37840965390205383 0.08370193094015121 0.07734939455986023
2.0 0.2862500250339508 0.37455421686172485 0.07560095936059952 0.08508428186178207
6.0 0.011754807084798813 0.3503132462501526 0.021105768159031868 0.05093970149755478
6.0 0.3321875035762787 0.3573976159095764 0.033557675778865814 0.05055420473217964
6.0 0.4939422905445099 0.5230120420455933 0.020528828725218773 0.025662658736109734
6.0 0.5459134578704834 0.6746988296508789 0.021442363038659096 0.021783143281936646
6.0 0.48935097455978394 0.7292771339416504 0.025072092190384865 0.04691565781831741
11.0 0.5895913243293762 0.7968674302101135 0.11223558336496353 0.16990363597869873
7.0 0.5855288505554199 0.6926506161689758 0.05257217213511467 0.061614446341991425
7.0 0.5600480437278748 0.5158554315567017 0.11497592180967331 0.09163857996463776
7.0 0.3900481164455414 0.19342170655727386 0.22139425575733185 0.2545541524887085
7.0 0.026778846979141235 0.23293974995613098 0.051153846085071564 0.1548675149679184
8.0 0.4802404046058655 0.21869878470897675 0.4652884900569916 0.4373975694179535
8.0 0.5672115683555603 0.7835903763771057 0.2696394622325897 0.34978315234184265
8.0 0.5572596192359924 0.6926746964454651 0.12651440501213074 0.0858553946018219
8.0 0.6040384769439697 0.5440963506698608 0.3422836363315582 0.17050603032112122
