6.0 0.9993990659713745 0.1627228707075119 0.0012019231216982007 0.06125297024846077
2.0 0.999405026435852 0.8737831115722656 0.001189904403872788 0.12621687352657318
2.0 0.7523077130317688 0.13809636235237122 0.1253845989704132 0.12783131003379822
2.0 0.6718028783798218 0.8718554377555847 0.12211538851261139 0.12281928211450577
6.0 0.9837740659713745 0.1627228707075119 0.030048077926039696 0.06125297024846077
6.0 0.6723317503929138 0.1614939570426941 0.03826921433210373 0.05334934964776039
6.0 0.5771875381469727 0.864915668964386 0.036250025033950806 0.026891561225056648
1.0 0.5412259697914124 0.811493992805481 0.10127405822277069 0.10274697840213776
1.0 0.4992067515850067 0.88580721616745 0.06855767220258713 0.09869878739118576
1.0 0.5712980628013611 0.16812045872211456 0.0617307685315609 0.11238554120063782
1.0 0.5146874785423279 0.10462651401758194 0.067692331969738 0.06901200115680695
2.0 0.9670913219451904 0.8737831115722656 0.06338942795991898 0.12621687352657318
8.0 0.9214663505554199 0.1621686965227127 0.14781250059604645 0.16908438503742218
2.0 0.9161538481712341 0.1339035928249359 0.12752403318881989 0.11542171239852905
7.0 0.5376201868057251 0.20662648975849152 0.2870432138442993 0.19718076288700104
7.0 0.4736778736114502 0.8413252830505371 0.22262023389339447 0.21865060925483704
8.0 0.4342067241668701 0.8521506190299988 0.5934615135192871 0.29569879174232483
8.0 0.41487979888916016 0.19655418395996094 0.8072596192359924 0.3171566128730774
