4.0 0.9651054739952087 0.395677387714386 0.06978905946016312 0.12889578938484192
4.0 0.9820299744606018 0.8695849776268005 0.035940106958150864 0.15211431682109833
5.0 0.936802089214325 0.8487862348556519 0.04183333367109299 0.15064215660095215
5.0 0.8853437304496765 0.43703213334083557 0.04568750038743019 0.19889581203460693
8.0 0.9292969107627869 0.4493500590324402 0.14140623807907104 0.6636805534362793
8.0 0.9527343511581421 0.851260781288147 0.09453126788139343 0.29747846722602844
4.0 0.6975677013397217 0.395677387714386 0.07465103268623352 0.12889578938484192
4.0 0.6610729098320007 0.8695849776268005 0.07994270324707031 0.15211431682109833
5.0 0.7283020615577698 0.8487862348556519 0.04183333367109299 0.15064215660095215
5.0 0.7797604203224182 0.43703213334083557 0.04568750038743019 0.19889581203460693
5.0 0.455078125 0.01080069225281477 0.015359398908913136 0.02160138450562954
7.0 0.4361562430858612 0.45725923776626587 0.3709166944026947 0.389443963766098
7.0 0.43566665053367615 0.8640152812004089 0.3458489775657654 0.27196943759918213
7.0 0.36451563239097595 0.0235238429158926 0.10794790834188461 0.0470476858317852
8.0 0.32164064049720764 0.023525860160589218 0.287442684173584 0.047051720321178436
8.0 0.4869791567325592 0.4493500590324402 0.6390624642372131 0.6636805534362793
8.0 0.4635416865348816 0.851260781288147 0.5921875238418579 0.29747846722602844
7.0 0.04209897294640541 0.45725923776626587 0.08419794589281082 0.389443963766098
7.0 0.03607683628797531 0.8640152812004089 0.07215367257595062 0.27196943759918213
7.0 0.01217708270996809 0.0235238429158926 0.02435416541993618 0.0470476858317852
8.0 0.07848826795816422 0.023525860160589218 0.15697653591632843 0.047051720321178436
8.0 0.08372395485639572 0.4493500590324402 0.16744790971279144 0.6636805534362793
8.0 0.08372395485639572 0.851260781288147 0.16744790971279144 0.29747846722602844
