2.0 0.27254167199134827 0.981640636920929 0.026083311066031456 0.02571874111890793
2.0 0.23516666889190674 0.9427343606948853 0.025687536224722862 0.02381250634789467
2.0 0.25074997544288635 0.9712499976158142 0.020812511444091797 0.024546878412365913
6.0 0.29360416531562805 0.9876562356948853 0.010270833969116211 0.007312506437301636
11.0 0.2863541841506958 0.9584218859672546 0.027854204177856445 0.02098437398672104
11.0 0.3115833103656769 0.9327656030654907 0.08952084928750992 0.03424999862909317
7.0 0.34549999237060547 0.9693437814712524 0.09804169088602066 0.03920312225818634
8.0 0.3447500169277191 0.9366562366485596 0.24397914111614227 0.043546874076128006
8.0 0.3542916774749756 0.9660937786102295 0.2278125286102295 0.03871874511241913
8.0 0.37422916293144226 0.9727187752723694 0.23402078449726105 0.0423593744635582
2.0 0.2588125169277191 0.581250011920929 0.059229135513305664 0.05525001883506775
2.0 0.26612499356269836 0.39610937237739563 0.06537500768899918 0.06464061141014099
2.0 0.24241666495800018 0.6654374599456787 0.02558334730565548 0.024296879768371582
2.0 0.25595831871032715 0.6180468797683716 0.02504166029393673 0.031218767166137695
2.0 0.27254167199134827 0.768359363079071 0.026083311066031456 0.02571874111890793
2.0 0.23516666889190674 0.8072656393051147 0.025687536224722862 0.02381250634789467
2.0 0.25074997544288635 0.7787500023841858 0.020812511444091797 0.024546878412365913
2.0 0.23468749225139618 0.6313281059265137 0.019062519073486328 0.01934373378753662
6.0 0.29360416531562805 0.7623437643051147 0.010270833969116211 0.007312506437301636
4.0 0.2640000283718109 0.6683906316757202 0.015166680328547955 0.011328130960464478
6.0 0.2835416793823242 0.6203281283378601 0.015791654586791992 0.008890628814697266
6.0 0.31343749165534973 0.5691249966621399 0.02749999426305294 0.027156248688697815
6.0 0.3190000057220459 0.39515626430511475 0.0258333683013916 0.027765601873397827
11.0 0.4284375011920929 0.3860781192779541 0.20943748950958252 0.08918747305870056
11.0 0.43691667914390564 0.5927968621253967 0.2280000001192093 0.10721875727176666
11.0 0.29760417342185974 0.6599687337875366 0.07597915083169937 0.030593767762184143
11.0 0.2863541841506958 0.7915781140327454 0.027854204177856445 0.02098437398672104
11.0 0.3115833103656769 0.8172343969345093 0.08952084928750992 0.03424999862909317
7.0 0.34549999237060547 0.7806562185287476 0.09804169088602066 0.03920312225818634
7.0 0.2900625169277191 0.6362812519073486 0.04329164698719978 0.014265641570091248
7.0 0.3306874930858612 0.6235781311988831 0.08604168891906738 0.04324999451637268
8.0 0.3447500169277191 0.8133437633514404 0.24397914111614227 0.043546874076128006
8.0 0.3542916774749756 0.7839062213897705 0.2278125286102295 0.03871874511241913
8.0 0.37422916293144226 0.7772812247276306 0.23402078449726105 0.0423593744635582
8.0 0.3394791781902313 0.6674062609672546 0.22704164683818817 0.054187506437301636
8.0 0.3408958613872528 0.6323281526565552 0.23147916793823242 0.03539063036441803
8.0 0.2916874885559082 0.6219062209129333 0.09460417181253433 0.03579689562320709
8.0 0.5336666703224182 0.5983906388282776 0.612208366394043 0.1275312602519989
8.0 0.5038332939147949 0.37617188692092896 0.538104236125946 0.11620312929153442
