2.0 0.5732600092887878 0.4015063941478729 0.1282999962568283 0.2597756087779999
6.0 0.6688799858093262 0.4400961995124817 0.03063998743891716 0.04727565497159958
2.0 0.6973000168800354 0.9409134387969971 0.1319200098514557 0.11817307770252228
2.0 0.4501799941062927 0.12445510923862457 0.09989999234676361 0.21201926469802856
1.0 0.5236999988555908 0.23740381002426147 0.05808001384139061 0.06445516645908356
1.0 0.7080199718475342 0.5263461470603943 0.040039997547864914 0.09560900181531906
1.0 0.7133200168609619 0.5795833468437195 0.04620002582669258 0.06743587553501129
1.0 0.7368800044059753 0.8398718237876892 0.05995998531579971 0.059711530804634094
1.0 0.7118600010871887 0.8778525590896606 0.05438002571463585 0.06564104557037354
7.0 0.7977799773216248 0.9153605699539185 0.028440004214644432 0.1692788451910019
7.0 0.747219979763031 0.36125004291534424 0.12956002354621887 0.29756414890289307
7.0 0.6716600060462952 0.13036856055259705 0.2806600332260132 0.2607371211051941
8.0 0.6060000061988831 0.15865382552146912 0.41199997067451477 0.31730765104293823
8.0 0.6605600118637085 0.4194231331348419 0.3028799891471863 0.42336535453796387
8.0 0.7205600142478943 0.8606330156326294 0.1828799694776535 0.2787339985370636
2.0 0.9932950139045715 0.4015063941478729 0.013410008512437344 0.2597756087779999
6.0 0.9551200270652771 0.4400961995124817 0.03063998743891716 0.04727565497159958
2.0 0.9266999959945679 0.9409134387969971 0.1319200098514557 0.11817307770252228
1.0 0.9159799814224243 0.5263461470603943 0.040039997547864914 0.09560900181531906
1.0 0.9106799960136414 0.5795833468437195 0.04620002582669258 0.06743587553501129
1.0 0.8871200084686279 0.8398718237876892 0.05995998531579971 0.059711530804634094
1.0 0.9121400117874146 0.8778525590896606 0.05438002571463585 0.06564104557037354
7.0 0.8262199759483337 0.9153605699539185 0.028440004214644432 0.1692788451910019
7.0 0.8767800331115723 0.36125004291534424 0.12956002354621887 0.29756414890289307
7.0 0.9060049653053284 0.13036856055259705 0.18799003958702087 0.2607371211051941
8.0 0.906000018119812 0.15865382552146912 0.18799999356269836 0.31730765104293823
8.0 0.906000018119812 0.4194231331348419 0.18799999356269836 0.42336535453796387
8.0 0.903439998626709 0.8606330156326294 0.1828799694776535 0.2787339985370636
