2.0 0.42673999071121216 0.4015063941478729 0.1282999962568283 0.2597756087779999
6.0 0.33111998438835144 0.4400961995124817 0.03063998743891716 0.04727565497159958
2.0 0.302700012922287 0.9409134387969971 0.1319200098514557 0.11817307770252228
2.0 0.5498200058937073 0.12445510923862457 0.09989999234676361 0.21201926469802856
1.0 0.4762999713420868 0.23740381002426147 0.05808001384139061 0.06445516645908356
1.0 0.29197999835014343 0.5263461470603943 0.040039997547864914 0.09560900181531906
1.0 0.2866799831390381 0.5795833468437195 0.04620002582669258 0.06743587553501129
1.0 0.26312002539634705 0.8398718237876892 0.05995998531579971 0.059711530804634094
1.0 0.28814002871513367 0.8778525590896606 0.05438002571463585 0.06564104557037354
7.0 0.20222000777721405 0.9153605699539185 0.028440004214644432 0.1692788451910019
7.0 0.252780020236969 0.36125004291534424 0.12956002354621887 0.29756414890289307
7.0 0.32833999395370483 0.13036856055259705 0.2806600332260132 0.2607371211051941
8.0 0.39399999380111694 0.15865382552146912 0.41199997067451477 0.31730765104293823
8.0 0.3394399881362915 0.4194231331348419 0.3028799891471863 0.42336535453796387
8.0 0.2794399857521057 0.8606330156326294 0.1828799694776535 0.2787339985370636
2.0 0.006705004256218672 0.4015063941478729 0.013410008512437344 0.2597756087779999
6.0 0.04488000273704529 0.4400961995124817 0.03063998743891716 0.04727565497159958
2.0 0.07329999655485153 0.9409134387969971 0.1319200098514557 0.11817307770252228
1.0 0.08401999622583389 0.5263461470603943 0.040039997547864914 0.09560900181531906
1.0 0.08932000398635864 0.5795833468437195 0.04620002582669258 0.06743587553501129
1.0 0.11287999153137207 0.8398718237876892 0.05995998531579971 0.059711530804634094
1.0 0.08785998076200485 0.8778525590896606 0.05438002571463585 0.06564104557037354
7.0 0.17377999424934387 0.9153605699539185 0.028440004214644432 0.1692788451910019
7.0 0.12321998924016953 0.36125004291534424 0.12956002354621887 0.29756414890289307
7.0 0.09399501979351044 0.13036856055259705 0.18799003958702087 0.2607371211051941
8.0 0.09399999678134918 0.15865382552146912 0.18799999356269836 0.31730765104293823
8.0 0.09399999678134918 0.4194231331348419 0.18799999356269836 0.42336535453796387
8.0 0.09656001627445221 0.8606330156326294 0.1828799694776535 0.2787339985370636
