8.0 0.02291499637067318 0.9746246337890625 0.04582999274134636 0.05075075477361679
8.0 0.006439994554966688 0.7466366291046143 0.012879989109933376 0.24384385347366333
8.0 0.00850000511854887 0.48498499393463135 0.01700001023709774 0.2822822332382202
8.0 0.02749999426305294 0.20270268619060516 0.05499998852610588 0.2282281517982483
8.0 0.007500005420297384 0.06081083044409752 0.015000010840594769 0.12162166088819504
5.0 0.02231999672949314 0.9814489483833313 0.04463999345898628 0.037102095782756805
5.0 0.006440004799515009 0.7345045208930969 0.012880009599030018 0.0878978744149208
5.0 0.007615001872181892 0.4888288676738739 0.015230003744363785 0.10936933010816574
5.0 0.028839996084570885 0.218018040060997 0.05039999261498451 0.12147140502929688
5.0 0.006445001345127821 0.04476724565029144 0.012890002690255642 0.08953449130058289
8.0 0.5605800151824951 0.9746246337890625 0.5448200106620789 0.05075075477361679
8.0 0.5770599842071533 0.7466366291046143 0.5118799805641174 0.24384385347366333
8.0 0.574999988079071 0.48498499393463135 0.5160000324249268 0.2822822332382202
8.0 0.5559999942779541 0.20270268619060516 0.5539999604225159 0.2282281517982483
8.0 0.5759999752044678 0.06081083044409752 0.5139999985694885 0.12162166088819504
6.0 0.3976399898529053 0.04963965341448784 0.025980016216635704 0.06561558693647385
6.0 0.37515997886657715 0.26927927136421204 0.03986000642180443 0.043273329734802246
6.0 0.40215998888015747 0.48786789178848267 0.03032001666724682 0.07243239879608154
6.0 0.3927600085735321 0.7337237000465393 0.03032001666724682 0.0717717781662941
6.0 0.37549999356269836 0.9743468761444092 0.028760015964508057 0.05130630359053612
5.0 0.3142000138759613 0.9814489483833313 0.04968000575900078 0.037102095782756805
5.0 0.3363199830055237 0.7345045208930969 0.030400006100535393 0.0878978744149208
5.0 0.33803999423980713 0.4888288676738739 0.03854000195860863 0.10936933010816574
5.0 0.3051600158214569 0.218018040060997 0.05039999261498451 0.12147140502929688
5.0 0.3403399884700775 0.04476724565029144 0.03845999389886856 0.08953449130058289
7.0 0.5288600325584412 0.050938431173563004 0.22960001230239868 0.10187686234712601
7.0 0.5359399914741516 0.1921020895242691 0.29079997539520264 0.17285293340682983
7.0 0.5361199975013733 0.49405401945114136 0.23942002654075623 0.21546542644500732
7.0 0.5046600103378296 0.7435735464096069 0.18827998638153076 0.17222225666046143
7.0 0.5136600136756897 0.9774249196052551 0.2439199835062027 0.04515015333890915
8.0 0.916504979133606 0.9746246337890625 0.1669899970293045 0.05075075477361679
8.0 0.9164999723434448 0.7466366291046143 0.16699999570846558 0.24384385347366333
8.0 0.9164999723434448 0.48498499393463135 0.16699999570846558 0.2822822332382202
8.0 0.9164999723434448 0.20270268619060516 0.16699999570846558 0.2282281517982483
8.0 0.9164999723434448 0.06081083044409752 0.16699999570846558 0.12162166088819504
7.0 0.992330014705658 0.1921020895242691 0.015339973382651806 0.17285293340682983
