2.0 0.8522250056266785 0.9871083498001099 0.14275002479553223 0.02578333020210266
5.0 0.5571500062942505 0.9356499910354614 0.08569997549057007 0.10794999450445175
6.0 0.7213749885559082 0.991141676902771 0.08725002408027649 0.01771666668355465
6.0 0.4022500216960907 0.9445666670799255 0.08550006151199341 0.07124999910593033
7.0 0.19125622510910034 0.9378083348274231 0.3825124502182007 0.12438333034515381
11.0 0.5475000143051147 0.9536416530609131 0.3500249683856964 0.09271666407585144
8.0 0.30250000953674316 0.9303041696548462 0.6050000190734863 0.1393916755914688
8.0 0.6333000063896179 0.9286375045776367 0.5884000062942505 0.14272500574588776
2.0 0.8522250056266785 0.6352666616439819 0.14275002479553223 0.11436668038368225
2.0 0.7879499793052673 0.25829997658729553 0.14784997701644897 0.1467166692018509
2.0 0.9679875373840332 0.5292500257492065 0.06402498483657837 0.07478334754705429
5.0 0.5571500062942505 0.7310166954994202 0.08569997549057007 0.10794999450445175
5.0 0.6752749681472778 0.49568334221839905 0.06884998083114624 0.11196669191122055
20.0 0.5329500436782837 0.3805333375930786 0.9340999722480774 0.4277166426181793
6.0 0.8829749822616577 0.5335833430290222 0.049074992537498474 0.05160002037882805
6.0 0.6381499767303467 0.24906666576862335 0.09872496128082275 0.0972999706864357
6.0 0.7213749885559082 0.6477500200271606 0.08725002408027649 0.0732666626572609
6.0 0.5235249996185303 0.4940333366394043 0.07797499001026154 0.07405000925064087
6.0 0.4022500216960907 0.722100019454956 0.08550006151199341 0.07124999910593033
7.0 0.19125622510910034 0.6941166520118713 0.3825124502182007 0.19386667013168335
7.0 0.2909499704837799 0.47848331928253174 0.3981000781059265 0.21514998376369476
7.0 0.32682499289512634 0.23219998180866241 0.5363499522209167 0.13105003535747528
11.0 0.5475000143051147 0.6646166443824768 0.3500249683856964 0.1895333230495453
7.0 0.7991999983787537 0.5392500162124634 0.20657497644424438 0.1135999783873558
8.0 0.8457499742507935 0.5246666669845581 0.3085000216960907 0.15611664950847626
8.0 0.4300000071525574 0.25136664509773254 0.8600000143051147 0.16938328742980957
8.0 0.35624998807907104 0.46656668186187744 0.7124999761581421 0.27230000495910645
8.0 0.30250000953674316 0.6774500012397766 0.6050000190734863 0.2572166621685028
8.0 0.6333000063896179 0.6716499924659729 0.5884000062942505 0.2754833400249481
2.0 0.7879499793052673 0.07503334432840347 0.14784997701644897 0.1467166692018509
20.0 0.5329500436782837 0.08332916349172592 0.9340999722480774 0.16665832698345184
6.0 0.6381499767303467 0.08426666259765625 0.09872496128082275 0.0972999706864357
7.0 0.32682499289512634 0.10113334655761719 0.5363499522209167 0.13105003535747528
8.0 0.4300000071525574 0.08332916349172592 0.8600000143051147 0.16665832698345184
8.0 0.35624998807907104 0.00145832693669945 0.7124999761581421 0.0029166538733989
