2.0 0.36554762721061707 0.9894750118255615 0.04059527441859245 0.021049994975328445
7.0 0.45766666531562805 0.9844708442687988 0.09630952775478363 0.031058328226208687
8.0 0.4359999895095825 0.9853041768074036 0.17673806846141815 0.02939167246222496
2.0 0.5877380967140198 0.541533350944519 0.10326198488473892 0.10458333790302277
2.0 0.3329285681247711 0.5565833449363708 0.12026190757751465 0.0794999822974205
2.0 0.36554762721061707 0.6992999911308289 0.04059527441859245 0.04349999502301216
6.0 0.37033334374427795 0.5515833497047424 0.04069047421216965 0.028950011357665062
6.0 0.669619083404541 0.5230500102043152 0.04399997740983963 0.019349992275238037
7.0 0.45766666531562805 0.7095833420753479 0.09630952775478363 0.04294999688863754
7.0 0.4879523813724518 0.6092166900634766 0.2568571865558624 0.13366664946079254
7.0 0.8141428828239441 0.5706333518028259 0.2806428372859955 0.14749997854232788
8.0 0.4359999895095825 0.7027833461761475 0.17673806846141815 0.05321667343378067
8.0 0.5098095536231995 0.5922999978065491 0.48626184463500977 0.15418335795402527
8.0 0.7738094925880432 0.5404000282287598 0.4523809850215912 0.22798335552215576
