7.0 0.8610000014305115 0.19760476052761078 0.053999997675418854 0.18562866747379303
7.0 0.9293550252914429 0.16712573170661926 0.14128999412059784 0.2452695369720459
7.0 0.9187650084495544 0.9142365455627441 0.1624699980020523 0.1715269237756729
7.0 0.8960000276565552 0.8213472962379456 0.08634000271558762 0.12389220297336578
2.0 0.8953199982643127 0.3469460606575012 0.10618000477552414 0.1286826878786087
6.0 0.9525399804115295 0.3023652732372284 0.02059999108314514 0.034730590879917145
6.0 0.8586000204086304 0.8428443074226379 0.028040001168847084 0.05622752383351326
1.0 0.9192799925804138 0.7454192042350769 0.04822000488638878 0.029161661863327026
1.0 0.9363999962806702 0.6897305250167847 0.0683399960398674 0.12999996542930603
1.0 0.9964100122451782 0.34488025307655334 0.0071799978613853455 0.037754546850919724
8.0 0.8690000176429749 0.18113772571086884 0.07000000029802322 0.2784430980682373
8.0 0.9193499684333801 0.231437087059021 0.16130001842975616 0.36676648259162903
8.0 0.9169999957084656 0.7848427891731262 0.16599999368190765 0.43031442165374756
7.0 0.8069999814033508 0.19760476052761078 0.053999997675418854 0.18562866747379303
7.0 0.7283599972724915 0.16712573170661926 0.16185998916625977 0.2452695369720459
7.0 0.7029200196266174 0.9142365455627441 0.2551000118255615 0.1715269237756729
7.0 0.7720000147819519 0.8213472962379456 0.08634000271558762 0.12389220297336578
2.0 0.7726799845695496 0.3469460606575012 0.10618000477552414 0.1286826878786087
6.0 0.7154600024223328 0.3023652732372284 0.02059999108314514 0.034730590879917145
6.0 0.8094000220298767 0.8428443074226379 0.028040001168847084 0.05622752383351326
1.0 0.7487199902534485 0.7454192042350769 0.04822000488638878 0.029161661863327026
1.0 0.7315999865531921 0.6897305250167847 0.0683399960398674 0.12999996542930603
1.0 0.6572800278663635 0.34488025307655334 0.035799991339445114 0.037754546850919724
1.0 0.5424200296401978 0.2789820432662964 0.03962000831961632 0.039221640676259995
8.0 0.7990000247955322 0.18113772571086884 0.07000000029802322 0.2784430980682373
8.0 0.5938799977302551 0.231437087059021 0.4708400070667267 0.36676648259162903
8.0 0.5339800119400024 0.7848427891731262 0.6000399589538574 0.43031442165374756
8.0 0.04901999235153198 0.7848427891731262 0.09803998470306396 0.43031442165374756
