2.0 0.013170000165700912 0.47857147455215454 0.026340000331401825 0.2277870774269104
0.0 0.07087000459432602 0.032598067075014114 0.14174000918865204 0.06519613415002823
8.0 0.015500003471970558 0.3907562792301178 0.031000006943941116 0.6834734678268433
2.0 0.3180200159549713 0.47857147455215454 0.11672000586986542 0.2277870774269104
0.0 0.35683998465538025 0.032598067075014114 0.4251599907875061 0.06519613415002823
5.0 0.48471999168395996 0.7004761695861816 0.005899989046156406 0.013641449622809887
5.0 0.4755399823188782 0.7698599696159363 0.00791999138891697 0.015518244355916977
5.0 0.484360009431839 0.7864705920219421 0.005999999586492777 0.012044813483953476
7.0 0.510699987411499 0.6988515257835388 0.023560015484690666 0.024873919785022736
7.0 0.49935999512672424 0.7617366909980774 0.02212001197040081 0.016890738159418106
7.0 0.5072799921035767 0.7894117832183838 0.022440003231167793 0.02672266587615013
8.0 0.5235400199890137 0.7877591252326965 0.08680001646280289 0.03915966674685478
8.0 0.49300000071525574 0.7646498680114746 0.04288000613451004 0.02823532186448574
8.0 0.5015400052070618 0.7278711199760437 0.05013998970389366 0.03549022600054741
7.0 0.5015199780464172 0.7255462408065796 0.026420000940561295 0.027563057839870453
7.0 0.5189000368118286 0.69879549741745 0.07667998224496841 0.03190476447343826
11.0 0.6448599696159363 0.5242857336997986 0.4212000072002411 0.3948458731174469
6.0 0.4322800040245056 0.47719889879226685 0.06107998266816139 0.12837538123130798
8.0 0.5559999942779541 0.3907562792301178 0.6019999980926514 0.6834734678268433
11.0 0.9292699694633484 0.5242857336997986 0.14146000146865845 0.3948458731174469
8.0 0.9284999966621399 0.3907562792301178 0.14300000667572021 0.6834734678268433
