8.0 0.03777778148651123 0.2850000262260437 0.07555556297302246 0.24999994039535522
2.0 0.42268887162208557 0.3540666401386261 0.027822216972708702 0.1098666787147522
2.0 0.44466665387153625 0.5355333089828491 0.0600888729095459 0.09780004620552063
6.0 0.4551111161708832 0.534600019454956 0.024844447150826454 0.054066628217697144
6.0 0.4756889045238495 0.35476669669151306 0.03557777404785156 0.06283324956893921
1.0 0.6790222525596619 0.36063331365585327 0.07966669648885727 0.07220005989074707
1.0 0.6870444416999817 0.3341333568096161 0.09104442596435547 0.08659994602203369
7.0 0.5827111005783081 0.29126664996147156 0.18646669387817383 0.1793333888053894
11.0 0.5820666551589966 0.5820666551589966 0.19686667621135712 0.20473337173461914
8.0 0.6227999925613403 0.6210333108901978 0.4210444390773773 0.34083330631256104
8.0 0.5455555319786072 0.2850000262260437 0.5755555629730225 0.24999994039535522
1.0 0.9739055633544922 0.36063331365585327 0.05218891426920891 0.07220005989074707
1.0 0.9670500159263611 0.3341333568096161 0.06590000540018082 0.08659994602203369
7.0 0.9953610897064209 0.29126664996147156 0.009277780540287495 0.1793333888053894
11.0 0.9930833578109741 0.5820666551589966 0.013833324424922466 0.20473337173461914
8.0 0.9166722297668457 0.6210333704948425 0.1666555404663086 0.34083330631256104
8.0 0.9166666865348816 0.2850000262260437 0.1666666716337204 0.24999994039535522
