7.0 0.13899999856948853 0.19760476052761078 0.053999997675418854 0.18562866747379303
7.0 0.07064499706029892 0.16712573170661926 0.14128999412059784 0.2452695369720459
7.0 0.08123499900102615 0.9142365455627441 0.1624699980020523 0.1715269237756729
7.0 0.10399999469518661 0.8213472962379456 0.08634000271558762 0.12389220297336578
2.0 0.10468000173568726 0.3469460606575012 0.10618000477552414 0.1286826878786087
6.0 0.047460004687309265 0.3023652732372284 0.02059999108314514 0.034730590879917145
6.0 0.14139999449253082 0.8428443074226379 0.028040001168847084 0.05622752383351326
1.0 0.08071999996900558 0.7454192042350769 0.04822000488638878 0.029161661863327026
1.0 0.06359999626874924 0.6897305250167847 0.0683399960398674 0.12999996542930603
1.0 0.0035899989306926727 0.34488025307655334 0.0071799978613853455 0.037754546850919724
8.0 0.13099999725818634 0.18113772571086884 0.07000000029802322 0.2784430980682373
8.0 0.08065000921487808 0.231437087059021 0.16130001842975616 0.36676648259162903
8.0 0.08299999684095383 0.7848427891731262 0.16599999368190765 0.43031442165374756
7.0 0.19300000369548798 0.19760476052761078 0.053999997675418854 0.18562866747379303
7.0 0.27164000272750854 0.16712573170661926 0.16185998916625977 0.2452695369720459
7.0 0.29708001017570496 0.9142365455627441 0.2551000118255615 0.1715269237756729
7.0 0.2280000001192093 0.8213472962379456 0.08634000271558762 0.12389220297336578
2.0 0.22732000052928925 0.3469460606575012 0.10618000477552414 0.1286826878786087
6.0 0.28453999757766724 0.3023652732372284 0.02059999108314514 0.034730590879917145
6.0 0.19059999287128448 0.8428443074226379 0.028040001168847084 0.05622752383351326
1.0 0.2512800097465515 0.7454192042350769 0.04822000488638878 0.029161661863327026
1.0 0.26840001344680786 0.6897305250167847 0.0683399960398674 0.12999996542930603
1.0 0.34272000193595886 0.34488025307655334 0.035799991339445114 0.037754546850919724
1.0 0.45758000016212463 0.2789820432662964 0.03962000831961632 0.039221640676259995
8.0 0.20100000500679016 0.18113772571086884 0.07000000029802322 0.2784430980682373
8.0 0.4061200022697449 0.231437087059021 0.4708400070667267 0.36676648259162903
8.0 0.46601998805999756 0.7848427891731262 0.6000399589538574 0.43031442165374756
8.0 0.950980007648468 0.7848427891731262 0.09803998470306396 0.43031442165374756
