2.0 0.09490000456571579 0.6139501929283142 0.09895998984575272 0.2402491420507431
2.0 0.11796000599861145 0.08121884614229202 0.07793999463319778 0.16243769228458405
5.0 0.10383999347686768 0.8566903471946716 0.04805999621748924 0.15106765925884247
6.0 0.03813999518752098 0.8408541083335876 0.029319997876882553 0.06412813067436218
6.0 0.046699993312358856 0.11483987420797348 0.02681998908519745 0.0373665988445282
7.0 0.017274992540478706 0.12014231830835342 0.03454998508095741 0.24028463661670685
7.0 0.003384999930858612 0.8367615938186646 0.006769999861717224 0.04071177542209625
7.0 0.021720008924603462 0.9410942792892456 0.043440017849206924 0.1178114116191864
2.0 0.06470000743865967 0.9359074831008911 0.019960004836320877 0.028291843831539154
8.0 0.03838999569416046 0.8860142230987549 0.07677999138832092 0.13992880284786224
8.0 0.06350000202655792 0.8994661569595337 0.12700000405311584 0.20106764137744904
2.0 0.07171999663114548 0.6378291845321655 0.14343999326229095 0.5848754048347473
2.0 0.0794999971985817 0.17846085131168365 0.1589999943971634 0.3569217026233673
22.0 0.10949999839067459 0.5 0.21899999678134918 1.0
2.0 0.343099981546402 0.6139501929283142 0.09895998984575272 0.2402491420507431
2.0 0.3200399875640869 0.08121884614229202 0.07793999463319778 0.16243769228458405
5.0 0.3341600000858307 0.8566903471946716 0.04805999621748924 0.15106765925884247
6.0 0.3998599946498871 0.8408541083335876 0.029319997876882553 0.06412813067436218
6.0 0.3912999927997589 0.11483987420797348 0.02681998908519745 0.0373665988445282
7.0 0.5673200488090515 0.12014231830835342 0.32774001359939575 0.24028463661670685
7.0 0.6244400143623352 0.6563345193862915 0.3131200075149536 0.3896796703338623
7.0 0.46017998456954956 0.8367615938186646 0.057899992913007736 0.04071177542209625
7.0 0.5045999884605408 0.9410942792892456 0.22008001804351807 0.1178114116191864
2.0 0.3732999861240387 0.9359074831008911 0.019960004836320877 0.028291843831539154
8.0 0.4285600185394287 0.8860142230987549 0.13467998802661896 0.13992880284786224
8.0 0.5460000038146973 0.8994661569595337 0.4699999988079071 0.20106764137744904
2.0 0.5377799868583679 0.6378291845321655 0.4864400029182434 0.5848754048347473
2.0 0.5300000309944153 0.17846085131168365 0.5019999742507935 0.3569217026233673
22.0 0.5 0.5 0.5619999766349792 1.0
7.0 0.9154049754142761 0.12014231830835342 0.16919003427028656 0.24028463661670685
7.0 0.890500009059906 0.6563345193862915 0.21899999678134918 0.3896796703338623
7.0 0.9736800193786621 0.9410942792892456 0.05263999104499817 0.1178114116191864
8.0 0.890500009059906 0.8994661569595337 0.21899999678134918 0.20106764137744904
2.0 0.890500009059906 0.6378291845321655 0.21899999678134918 0.5848754048347473
2.0 0.890500009059906 0.17846085131168365 0.21899999678134918 0.3569217026233673
22.0 0.890500009059906 0.5 0.21899999678134918 1.0
