2.0 0.002520001493394375 0.4335329830646515 0.00504000298678875 0.1036226749420166
2.0 0.018924999982118607 0.9127320051193237 0.03784999996423721 0.17453593015670776
2.0 0.056019995361566544 0.036586862057447433 0.0873199999332428 0.07317372411489487
8.0 0.05005999654531479 0.041856296360492706 0.10011999309062958 0.08371259272098541
8.0 0.003594985930249095 0.4307185113430023 0.00718997186049819 0.24643714725971222
8.0 0.01887999288737774 0.9162125587463379 0.03775998577475548 0.16757485270500183
2.0 0.357340008020401 0.4335329830646515 0.06075999140739441 0.1036226749420166
2.0 0.356440007686615 0.9127320051193237 0.1245800107717514 0.17453593015670776
2.0 0.37564000487327576 0.6340718865394592 0.05654001608490944 0.11080833524465561
2.0 0.27597999572753906 0.036586862057447433 0.0873199999332428 0.07317372411489487
5.0 0.37012001872062683 0.2558981776237488 0.037339989095926285 0.11227551847696304
5.0 0.37119999527931213 0.7946107983589172 0.04823999106884003 0.07994008809328079
6.0 0.3630000054836273 0.01544157974421978 0.05988001078367233 0.03088315948843956
6.0 0.4309000074863434 0.24302394688129425 0.04038001596927643 0.05122751370072365
6.0 0.4119400084018707 0.4391915798187256 0.023640016093850136 0.056916188448667526
6.0 0.4320800006389618 0.6458083987236023 0.02861998975276947 0.05934133008122444
6.0 0.44119998812675476 0.827904224395752 0.03509998694062233 0.061437129974365234
6.0 0.43602001667022705 0.9277545213699341 0.03707999363541603 0.077455073595047
7.0 0.5837199687957764 0.9579042196273804 0.35541999340057373 0.08419162034988403
7.0 0.5677599906921387 0.8629940152168274 0.2270599752664566 0.05820357799530029
7.0 0.523639976978302 0.6649999618530273 0.1677199751138687 0.15065868198871613
7.0 0.5027599930763245 0.43107786774635315 0.157399982213974 0.16697603464126587
7.0 0.5454999804496765 0.174730584025383 0.20840001106262207 0.15610778331756592
7.0 0.5459399819374084 0.022477559745311737 0.31046003103256226 0.044955119490623474
8.0 0.5329400300979614 0.041856296360492706 0.6021199822425842 0.08371259272098541
8.0 0.591759979724884 0.23218561708927155 0.48447999358177185 0.27371254563331604
8.0 0.5612800121307373 0.4307185113430023 0.47293996810913086 0.24643714725971222
8.0 0.5889999866485596 0.6781436800956726 0.4899999797344208 0.21856282651424408
8.0 0.5905799865722656 0.8404490947723389 0.4868199825286865 0.1737724393606186
8.0 0.5641199946403503 0.9162125587463379 0.5397599935531616 0.16757485270500183
7.0 0.9532849788665771 0.9579042196273804 0.09342998266220093 0.08419162034988403
7.0 0.9933549761772156 0.8629940152168274 0.013290006667375565 0.05820357799530029
7.0 0.9834150075912476 0.022477559745311737 0.033170007169246674 0.044955119490623474
8.0 0.9169999957084656 0.041856296360492706 0.16599999368190765 0.08371259272098541
8.0 0.9169999957084656 0.23218561708927155 0.16599999368190765 0.27371254563331604
8.0 0.9351249933242798 0.4307185113430023 0.12975001335144043 0.24643714725971222
8.0 0.9169999957084656 0.6781436800956726 0.16599999368190765 0.21856282651424408
8.0 0.9170050024986267 0.8404490947723389 0.1659899652004242 0.1737724393606186
8.0 0.9169999957084656 0.9162125587463379 0.16599999368190765 0.16757485270500183
