0.0 0.08370288461446762 0.5 0.16740576922893524 1.0
8.0 0.0790410190820694 0.20733334124088287 0.1580820381641388 0.19616666436195374
11.0 0.06177382916212082 0.19870002567768097 0.09924612939357758 0.1608000248670578
2.0 0.009595345705747604 0.6842666864395142 0.01919069141149521 0.10543332248926163
5.0 0.14483369886875153 0.1867000311613083 0.02412416972219944 0.06899993121623993
8.0 0.010764965787529945 0.6319000124931335 0.02152993157505989 0.511900007724762
0.0 0.4656319320201874 0.5 0.5964522957801819 1.0
8.0 0.2894013226032257 0.20733334124088287 0.22534367442131042 0.19616666436195374
11.0 0.27303770184516907 0.19870002567768097 0.09924612939357758 0.1608000248670578
11.0 0.4861640930175781 0.7150000333786011 0.22439023852348328 0.2264333814382553
2.0 0.342705100774765 0.6842666864395142 0.054168518632650375 0.10543332248926163
5.0 0.18997782468795776 0.1867000311613083 0.02412416972219944 0.06899993121623993
1.0 0.3649223744869232 0.4172999858856201 0.044944584369659424 0.07449992746114731
8.0 0.5456097722053528 0.6319000124931335 0.4646563231945038 0.511900007724762
0.0 0.9506651759147644 0.5 0.0986696109175682 1.0
8.0 0.943625271320343 0.6319000124931335 0.11274944245815277 0.511900007724762
