0.0 0.9162971377372742 0.5 0.16740576922893524 1.0
8.0 0.9209589958190918 0.20733334124088287 0.1580820381641388 0.19616666436195374
11.0 0.9382261633872986 0.19870002567768097 0.09924612939357758 0.1608000248670578
2.0 0.9904046654701233 0.6842666864395142 0.01919069141149521 0.10543332248926163
5.0 0.8551663160324097 0.1867000311613083 0.02412416972219944 0.06899993121623993
8.0 0.9892350435256958 0.6319000124931335 0.02152993157505989 0.511900007724762
0.0 0.534368097782135 0.5 0.5964522957801819 1.0
8.0 0.7105986475944519 0.20733334124088287 0.22534367442131042 0.19616666436195374
11.0 0.7269623279571533 0.19870002567768097 0.09924612939357758 0.1608000248670578
11.0 0.5138359069824219 0.7150000333786011 0.22439023852348328 0.2264333814382553
2.0 0.6572949290275574 0.6842666864395142 0.054168518632650375 0.10543332248926163
5.0 0.8100221753120422 0.1867000311613083 0.02412416972219944 0.06899993121623993
1.0 0.6350775957107544 0.4172999858856201 0.044944584369659424 0.07449992746114731
8.0 0.4543902575969696 0.6319000124931335 0.4646563231945038 0.511900007724762
0.0 0.0493348054587841 0.5 0.0986696109175682 1.0
8.0 0.056374721229076385 0.6319000124931335 0.11274944245815277 0.511900007724762
