2.0 0.9459111094474792 0.2062583565711975 0.10817777365446091 0.412516713142395
2.0 0.995033323764801 0.5358666777610779 0.009933332912623882 0.2164333462715149
8.0 0.995555579662323 0.5866667032241821 0.008888880722224712 0.3933333456516266
8.0 0.9447333216667175 0.20186668634414673 0.11053331941366196 0.40373337268829346
2.0 0.6930444240570068 0.2062583565711975 0.16359999775886536 0.412516713142395
2.0 0.6228222250938416 0.5358666777610779 0.10755554586648941 0.2164333462715149
2.0 0.5932666659355164 0.9350416660308838 0.07779999822378159 0.12991666793823242
6.0 0.5090000033378601 0.941224992275238 0.045155566185712814 0.11755000799894333
6.0 0.5181778073310852 0.5630333423614502 0.05253332853317261 0.1375333070755005
6.0 0.4723333418369293 0.19199997186660767 0.09744445234537125 0.25153326988220215
7.0 0.29555556178092957 0.1383332908153534 0.25777778029441833 0.2766665816307068
7.0 0.31520000100135803 0.5613999962806702 0.29706668853759766 0.3303000032901764
7.0 0.37102222442626953 0.8927749991416931 0.22051112353801727 0.21445001661777496
8.0 0.39888888597488403 0.8600000143051147 0.46444445848464966 0.2799999713897705
8.0 0.4211111068725586 0.5866667032241821 0.5088889002799988 0.3933333456516266
8.0 0.4719333350658417 0.20186668634414673 0.6105332970619202 0.40373337268829346
7.0 0.0833333358168602 0.1383332908153534 0.1666666716337204 0.2766665816307068
7.0 0.0833333358168602 0.5613999962806702 0.1666666716337204 0.3303000032901764
7.0 0.036283332854509354 0.8927749991416931 0.07256666570901871 0.21445001661777496
8.0 0.0833333358168602 0.8600000143051147 0.1666666716337204 0.2799999713897705
8.0 0.0833333358168602 0.5866667032241821 0.1666666716337204 0.3933333456516266
8.0 0.0833333358168602 0.20186668634414673 0.1666666716337204 0.40373337268829346
