2.0 0.4017600119113922 0.921837329864502 0.05389998108148575 0.10689756274223328
5.0 0.6128000020980835 0.6528012156486511 0.05031999945640564 0.0792771428823471
7.0 0.5131400227546692 0.9473268389701843 0.14791998267173767 0.10534638166427612
1.0 0.4836600124835968 0.8743674755096436 0.03958001732826233 0.050813227891922
1.0 0.7274599671363831 0.6443976163864136 0.021280022338032722 0.046536147594451904
6.0 0.644320011138916 0.6516566276550293 0.02203998900949955 0.042650625109672546
6.0 0.4403800070285797 0.9152108430862427 0.021240008994936943 0.04352409392595291
7.0 0.718720018863678 0.6016566157341003 0.14259997010231018 0.14265060424804688
8.0 0.7085199952125549 0.6066867709159851 0.2469399869441986 0.1786445528268814
8.0 0.5956400036811829 0.9099924564361572 0.45410001277923584 0.18001507222652435
1.0 0.9365400075912476 0.6443976163864136 0.021280022338032722 0.046536147594451904
7.0 0.9369900226593018 0.6016566157341003 0.12601999938488007 0.14265060424804688
8.0 0.91600501537323 0.6066867709159851 0.16798998415470123 0.1786445528268814
8.0 0.9206550121307373 0.9099924564361572 0.15869003534317017 0.18001507222652435
