2.0 0.5982400178909302 0.921837329864502 0.05389998108148575 0.10689756274223328
5.0 0.3872000277042389 0.6528012156486511 0.05031999945640564 0.0792771428823471
7.0 0.4868600070476532 0.9473268389701843 0.14791998267173767 0.10534638166427612
1.0 0.5163400173187256 0.8743674755096436 0.03958001732826233 0.050813227891922
1.0 0.27254000306129456 0.6443976163864136 0.021280022338032722 0.046536147594451904
6.0 0.355679988861084 0.6516566276550293 0.02203998900949955 0.042650625109672546
6.0 0.5596200227737427 0.9152108430862427 0.021240008994936943 0.04352409392595291
7.0 0.281279981136322 0.6016566157341003 0.14259997010231018 0.14265060424804688
8.0 0.29148000478744507 0.6066867709159851 0.2469399869441986 0.1786445528268814
8.0 0.40435996651649475 0.9099924564361572 0.45410001277923584 0.18001507222652435
1.0 0.06345999240875244 0.6443976163864136 0.021280022338032722 0.046536147594451904
7.0 0.06300999969244003 0.6016566157341003 0.12601999938488007 0.14265060424804688
8.0 0.08399499207735062 0.6066867709159851 0.16798998415470123 0.1786445528268814
8.0 0.07934501767158508 0.9099924564361572 0.15869003534317017 0.18001507222652435
