2.0 0.08951999992132187 0.5978012084960938 0.10791999846696854 0.1690361648797989
11.0 0.013120005838572979 0.6021084189414978 0.026240011677145958 0.26933735609054565
8.0 0.07311999797821045 0.5465060472488403 0.1462399959564209 0.4301204979419708
6.0 0.009590000845491886 0.5973192453384399 0.019180001690983772 0.08397594094276428
2.0 0.24648000299930573 0.5978012084960938 0.10791999846696854 0.1690361648797989
11.0 0.4237000048160553 0.6021084189414978 0.22788001596927643 0.26933735609054565
1.0 0.5833399891853333 0.48825305700302124 0.1094999760389328 0.15331324934959412
1.0 0.5781400203704834 0.4668976068496704 0.11323996633291245 0.08262047916650772
8.0 0.4651000201702118 0.5465060472488403 0.5506800413131714 0.4301204979419708
6.0 0.3351599872112274 0.5973192453384399 0.03668000549077988 0.08397594094276428
8.0 0.9617800116539001 0.5465060472488403 0.07644002139568329 0.4301204979419708
