5.0 0.10331110656261444 0.5312130451202393 0.02935555763542652 0.07393493503332138
23.0 0.015877775847911835 0.553520679473877 0.03175555169582367 0.15899404883384705
5.0 0.03782222047448158 0.4140532910823822 0.07564444094896317 0.2393195480108261
5.0 0.057777777314186096 0.14535504579544067 0.11555555462837219 0.29071009159088135
5.0 0.1129777804017067 0.26982250809669495 0.02293333411216736 0.05526620149612427
5.0 0.012555555440485477 0.9253550171852112 0.025111110880970955 0.14928993582725525
6.0 0.08435555547475815 0.28689348697662354 0.015533335506916046 0.029852034524083138
6.0 0.07213333249092102 0.5189940929412842 0.017777780070900917 0.028254453092813492
7.0 0.034949999302625656 0.2673964500427246 0.06989999860525131 0.09573962539434433
7.0 0.02737778052687645 0.5318934917449951 0.0547555610537529 0.08855027705430984
8.0 0.013333339244127274 0.8284023404121399 0.026666678488254547 0.3431952893733978
8.0 0.05666666105389595 0.14241865277290344 0.1133333221077919 0.2848373055458069
8.0 0.06171666830778122 0.26730766892433167 0.12343333661556244 0.10665684938430786
8.0 0.059699997305870056 0.5241715908050537 0.11939999461174011 0.14970415830612183
8.0 0.037533339112997055 0.3022189140319824 0.07506667822599411 0.4535207450389862
5.0 0.14557777345180511 0.5312130451202393 0.02935555763542652 0.07393493503332138
23.0 0.3248888850212097 0.553520679473877 0.21551112830638885 0.15899404883384705
5.0 0.24753333628177643 0.4140532910823822 0.14857779443264008 0.2393195480108261
5.0 0.2624889016151428 0.14535504579544067 0.25831112265586853 0.29071009159088135
5.0 0.13591110706329346 0.26982250809669495 0.02293333411216736 0.05526620149612427
5.0 0.26046666502952576 0.9253550171852112 0.07337778061628342 0.14928993582725525
6.0 0.164533331990242 0.28689348697662354 0.015533335506916046 0.029852034524083138
6.0 0.17675556242465973 0.5189940929412842 0.017777780070900917 0.028254453092813492
6.0 0.35920000076293945 0.3635503053665161 0.07555555552244186 0.12130171060562134
6.0 0.5073999762535095 0.09312870353460312 0.10842221230268478 0.18625740706920624
7.0 0.22757777571678162 0.2673964500427246 0.09717778116464615 0.09573962539434433
7.0 0.24557776749134064 0.5318934917449951 0.10288888216018677 0.08855027705430984
7.0 0.5292888879776001 0.34837278723716736 0.3349333107471466 0.3372485339641571
7.0 0.7111111283302307 0.03055475279688835 0.328888863325119 0.0611095055937767
7.0 0.5415999889373779 0.8407248258590698 0.3293111324310303 0.31855031847953796
6.0 0.35526666045188904 0.9031360745429993 0.0440666489303112 0.11798815429210663
8.0 0.5488888621330261 0.8284023404121399 0.6533333659172058 0.3431952893733978
8.0 0.5055555701255798 0.14241865277290344 0.7400000095367432 0.2848373055458069
8.0 0.21599999070167542 0.26730766892433167 0.1810888797044754 0.10665684938430786
8.0 0.28726667165756226 0.5241715908050537 0.31555554270744324 0.14970415830612183
8.0 0.5246888995170593 0.3022189140319824 0.7017333507537842 0.4535207450389862
7.0 0.9377777576446533 0.03055475279688835 0.12444444745779037 0.0611095055937767
8.0 0.9377777576446533 0.8284023404121399 0.12444444745779037 0.3431952893733978
8.0 0.9377777576446533 0.14241865277290344 0.12444444745779037 0.2848373055458069
8.0 0.9377777576446533 0.3022189140319824 0.12444444745779037 0.4535207450389862
