2.0 0.43113332986831665 0.7843320965766907 0.03849165886640549 0.07101123034954071
2.0 0.4422166645526886 0.6412734389305115 0.03369166702032089 0.0805118978023529
6.0 0.47126665711402893 0.7922471761703491 0.013741681352257729 0.03644196689128876
6.0 0.47692498564720154 0.6396005153656006 0.018566660583019257 0.03518102690577507
11.0 0.5463833808898926 0.604694128036499 0.12692497670650482 0.1535455882549286
11.0 0.5334250330924988 0.8047940135002136 0.1158333346247673 0.18335828185081482
8.0 0.5698166489601135 0.804943859577179 0.31427502632141113 0.19136081635951996
8.0 0.5833500027656555 0.6176404356956482 0.3199250400066376 0.17362052202224731
8.0 0.9702728986740112 0.804943859577179 0.059454161673784256 0.19136081635951996
8.0 0.962093710899353 0.6176404356956482 0.07581253349781036 0.17362052202224731
