8.0 0.003799994708970189 0.6033666729927063 0.007599989417940378 0.4815000593662262
2.0 0.04883332923054695 0.2642332911491394 0.0976666584610939 0.2439333200454712
2.0 0.0038055579643696547 0.5453999638557434 0.007611115928739309 0.19040004909038544
8.0 0.047777771949768066 0.17333334684371948 0.09555554389953613 0.34666669368743896
1.0 0.6130889058113098 0.7494333386421204 0.05071107670664787 0.14369997382164001
1.0 0.6163555383682251 0.8119000196456909 0.043244440108537674 0.05386662483215332
8.0 0.5795333385467529 0.6033666729927063 0.5076000094413757 0.4815000593662262
7.0 0.6163111329078674 0.5163999795913696 0.2583555281162262 0.26239997148513794
7.0 0.5912221670150757 0.1413417011499405 0.40235552191734314 0.282683402299881
6.0 0.39304444193840027 0.25429999828338623 0.031688887625932693 0.08246666193008423
2.0 0.29660001397132874 0.2642332911491394 0.12186666578054428 0.2439333200454712
2.0 0.37555554509162903 0.5453999638557434 0.09966667741537094 0.19040004909038544
8.0 0.5355555415153503 0.17333334684371948 0.5955555438995361 0.34666669368743896
6.0 0.460999995470047 0.5363333225250244 0.029622236266732216 0.06460002064704895
8.0 0.9166666865348816 0.6033666729927063 0.1666666716337204 0.4815000593662262
7.0 0.9605888724327087 0.5163999795913696 0.07882221788167953 0.26239997148513794
7.0 0.9371333718299866 0.1413417011499405 0.12573330104351044 0.282683402299881
8.0 0.9166666865348816 0.17333334684371948 0.1666666716337204 0.34666669368743896
