2.0 0.9738104343414307 0.7334250211715698 0.052379172295331955 0.17113754153251648
2.0 0.9922624826431274 0.34677496552467346 0.01547500491142273 0.13015007972717285
2.0 0.9616166353225708 0.013956263661384583 0.07324167340993881 0.027912527322769165
8.0 0.9726187586784363 0.691224992275238 0.054762501269578934 0.4483875036239624
8.0 0.9904749989509583 0.29041245579719543 0.019049981608986855 0.32856255769729614
8.0 0.9616666436195374 0.06937503814697266 0.07666667550802231 0.1387500762939453
2.0 0.6848166584968567 0.7334250211715698 0.06845834106206894 0.17113754153251648
1.0 0.353549987077713 0.9447781443595886 0.06671667098999023 0.11044374108314514
1.0 0.27160000801086426 0.7896000146865845 0.05203334614634514 0.07663750648498535
1.0 0.24709999561309814 0.8235499858856201 0.055808305740356445 0.08730000257492065
1.0 0.33732500672340393 0.24521249532699585 0.07534996420145035 0.13327503204345703
11.0 0.4510166645050049 0.044312477111816406 0.2860499918460846 0.08862495422363281
11.0 0.43353334069252014 0.3214125335216522 0.2567416727542877 0.2737249732017517
11.0 0.45069167017936707 0.6483500003814697 0.2962416708469391 0.39483752846717834
1.0 0.39719998836517334 0.43539997935295105 0.02702498435974121 0.02073758840560913
2.0 0.651033341884613 0.34677496552467346 0.06221666932106018 0.13015007972717285
2.0 0.705049991607666 0.013956263661384583 0.07324167340993881 0.027912527322769165
6.0 0.612933337688446 0.0005624741315841675 0.036033350974321365 0.001124948263168335
6.0 0.5805083513259888 0.35218748450279236 0.034216683357954025 0.07289993762969971
6.0 0.5990666747093201 0.7322125434875488 0.03996666148304939 0.09856250882148743
8.0 0.44404998421669006 0.691224992275238 0.5547583699226379 0.4483875036239624
8.0 0.42619165778160095 0.29041245579719543 0.5190500020980835 0.32856255769729614
8.0 0.45500001311302185 0.06937503814697266 0.5766666531562805 0.1387500762939453
1.0 0.006570836063474417 0.9447781443595886 0.013141672126948833 0.11044374108314514
1.0 0.06173332408070564 0.7896000146865845 0.05203334614634514 0.07663750648498535
1.0 0.08623334020376205 0.8235499858856201 0.055808305740356445 0.08730000257492065
1.0 0.016841650009155273 0.24521249532699585 0.03368330001831055 0.13327503204345703
11.0 0.012670834548771381 0.044312477111816406 0.025341669097542763 0.08862495422363281
11.0 0.01408541202545166 0.3214125335216522 0.02817082405090332 0.2737249732017517
11.0 0.01538125704973936 0.6483500003814697 0.03076251409947872 0.39483752846717834
8.0 0.08333126455545425 0.691224992275238 0.1666625291109085 0.4483875036239624
8.0 0.0833333358168602 0.29041245579719543 0.1666666716337204 0.32856255769729614
8.0 0.0833333358168602 0.06937503814697266 0.1666666716337204 0.1387500762939453
