2.0 0.026189586147665977 0.7334250211715698 0.052379172295331955 0.17113754153251648
2.0 0.007737502455711365 0.34677496552467346 0.01547500491142273 0.13015007972717285
2.0 0.03838333487510681 0.013956263661384583 0.07324167340993881 0.027912527322769165
8.0 0.027381250634789467 0.691224992275238 0.054762501269578934 0.4483875036239624
8.0 0.009524990804493427 0.29041245579719543 0.019049981608986855 0.32856255769729614
8.0 0.038333337754011154 0.06937503814697266 0.07666667550802231 0.1387500762939453
2.0 0.3151833415031433 0.7334250211715698 0.06845834106206894 0.17113754153251648
1.0 0.6464499831199646 0.9447781443595886 0.06671667098999023 0.11044374108314514
1.0 0.7283999919891357 0.7896000146865845 0.05203334614634514 0.07663750648498535
1.0 0.7529000043869019 0.8235499858856201 0.055808305740356445 0.08730000257492065
1.0 0.6626749634742737 0.24521249532699585 0.07534996420145035 0.13327503204345703
11.0 0.5489833354949951 0.044312477111816406 0.2860499918460846 0.08862495422363281
11.0 0.5664666295051575 0.3214125335216522 0.2567416727542877 0.2737249732017517
11.0 0.5493083596229553 0.6483500003814697 0.2962416708469391 0.39483752846717834
1.0 0.6028000116348267 0.43539997935295105 0.02702498435974121 0.02073758840560913
2.0 0.34896665811538696 0.34677496552467346 0.06221666932106018 0.13015007972717285
2.0 0.294950008392334 0.013956263661384583 0.07324167340993881 0.027912527322769165
6.0 0.38706666231155396 0.0005624741315841675 0.036033350974321365 0.001124948263168335
6.0 0.4194916784763336 0.35218748450279236 0.034216683357954025 0.07289993762969971
6.0 0.40093332529067993 0.7322125434875488 0.03996666148304939 0.09856250882148743
8.0 0.5559500455856323 0.691224992275238 0.5547583699226379 0.4483875036239624
8.0 0.5738083124160767 0.29041245579719543 0.5190500020980835 0.32856255769729614
8.0 0.5450000166893005 0.06937503814697266 0.5766666531562805 0.1387500762939453
1.0 0.9934291839599609 0.9447781443595886 0.013141672126948833 0.11044374108314514
1.0 0.9382666945457458 0.7896000146865845 0.05203334614634514 0.07663750648498535
1.0 0.9137666821479797 0.8235499858856201 0.055808305740356445 0.08730000257492065
1.0 0.9831583499908447 0.24521249532699585 0.03368330001831055 0.13327503204345703
11.0 0.9873291850090027 0.044312477111816406 0.025341669097542763 0.08862495422363281
11.0 0.9859145879745483 0.3214125335216522 0.02817082405090332 0.2737249732017517
11.0 0.9846187233924866 0.6483500003814697 0.03076251409947872 0.39483752846717834
8.0 0.916668713092804 0.691224992275238 0.1666625291109085 0.4483875036239624
8.0 0.9166666865348816 0.29041245579719543 0.1666666716337204 0.32856255769729614
8.0 0.9166666865348816 0.06937503814697266 0.1666666716337204 0.1387500762939453
