2.0 0.9557285308837891 0.883859395980835 0.08854296803474426 0.23228125274181366
8.0 0.9537734389305115 0.7130911350250244 0.09245313704013824 0.5738177299499512
1.0 0.44014060497283936 0.7198125123977661 0.06764066219329834 0.12160420417785645
1.0 0.3946484327316284 0.6807395815849304 0.07268750667572021 0.11988544464111328
1.0 0.43135935068130493 0.5072500109672546 0.13728126883506775 0.16826041042804718
1.0 0.28592967987060547 0.12485416978597641 0.06355467438697815 0.06498956680297852
6.0 0.5630234479904175 0.7153229117393494 0.0484296977519989 0.09584371000528336
6.0 0.5917109251022339 0.8766041398048401 0.09522655606269836 0.11356250196695328
2.0 0.7418749928474426 0.883859395980835 0.19333592057228088 0.23228125274181366
2.0 0.6505390405654907 0.7002604007720947 0.09996092319488525 0.16417710483074188
2.0 0.6370156407356262 0.029195308685302734 0.16607031226158142 0.05839061737060547
7.0 0.3125 0.009229183197021484 0.375 0.01845836639404297
7.0 0.3888515830039978 0.7306146025657654 0.3394843637943268 0.2631874978542328
7.0 0.44124218821525574 0.9195338487625122 0.30760934948921204 0.16093230247497559
8.0 0.330078125 0.8385416865348816 0.4085937440395355 0.3229166567325592
8.0 0.5179609656333923 0.7130911350250244 0.6489843726158142 0.5738177299499512
8.0 0.41289061307907104 0.7458333373069763 0.5757812261581421 0.34583333134651184
8.0 0.423828125 0.08214584738016129 0.59765625 0.16429169476032257
7.0 0.0625 0.009229183197021484 0.125 0.01845836639404297
7.0 0.015445291996002197 0.7306146025657654 0.030890583992004395 0.2631874978542328
8.0 0.06210938096046448 0.8385416865348816 0.12421876192092896 0.3229166567325592
8.0 0.02826562523841858 0.7130911350250244 0.05653125047683716 0.5738177299499512
8.0 0.0625 0.7458333373069763 0.125 0.34583333134651184
8.0 0.0625 0.08214584738016129 0.125 0.16429169476032257
