2.0 0.9696416854858398 0.20560002326965332 0.060716670006513596 0.1553499698638916
2.0 0.8958166837692261 0.6831749677658081 0.07021666318178177 0.16449996829032898
7.0 0.9880916476249695 0.7263749837875366 0.0238166656345129 0.2173749804496765
6.0 0.9764833450317383 0.6705499887466431 0.024399995803833008 0.0683249831199646
8.0 0.9690458178520203 0.26030001044273376 0.06190832331776619 0.3887999653816223
8.0 0.9303541779518127 0.6875 0.1392916887998581 0.42727500200271606
2.0 0.6931999921798706 0.20560002326965332 0.06836666911840439 0.1553499698638916
2.0 0.7708500027656555 0.6831749677658081 0.07021666318178177 0.16449996829032898
7.0 0.6074000000953674 0.7263749837875366 0.16616666316986084 0.2173749804496765
7.0 0.5320833325386047 0.21167495846748352 0.1715666800737381 0.19675004482269287
1.0 0.4965166747570038 0.30912497639656067 0.059350013732910156 0.1375749707221985
1.0 0.4279666841030121 0.3896750211715698 0.0631166324019432 0.11935007572174072
1.0 0.47228333353996277 0.7085250020027161 0.06734999269247055 0.14592495560646057
6.0 0.6901833415031433 0.6705499887466431 0.024399995803833008 0.0683249831199646
6.0 0.6262333393096924 0.23725000023841858 0.02850000001490116 0.07060003280639648
8.0 0.47928333282470703 0.26030001044273376 0.4985833168029785 0.3887999653816223
8.0 0.4863166809082031 0.6875 0.6392833590507507 0.42727500200271606
8.0 0.05167083069682121 0.26030001044273376 0.10334166139364243 0.3887999653816223
8.0 0.08332916349172592 0.6875 0.16665832698345184 0.42727500200271606
