2.0 0.030358335003256798 0.20560002326965332 0.060716670006513596 0.1553499698638916
2.0 0.10418333113193512 0.6831749677658081 0.07021666318178177 0.16449996829032898
7.0 0.01190833281725645 0.7263749837875366 0.0238166656345129 0.2173749804496765
6.0 0.023516664281487465 0.6705499887466431 0.024399995803833008 0.0683249831199646
8.0 0.030954161658883095 0.26030001044273376 0.06190832331776619 0.3887999653816223
8.0 0.06964584439992905 0.6875 0.1392916887998581 0.42727500200271606
2.0 0.3068000078201294 0.20560002326965332 0.06836666911840439 0.1553499698638916
2.0 0.22914999723434448 0.6831749677658081 0.07021666318178177 0.16449996829032898
7.0 0.39259999990463257 0.7263749837875366 0.16616666316986084 0.2173749804496765
7.0 0.46791666746139526 0.21167495846748352 0.1715666800737381 0.19675004482269287
1.0 0.5034833550453186 0.30912497639656067 0.059350013732910156 0.1375749707221985
1.0 0.5720333456993103 0.3896750211715698 0.0631166324019432 0.11935007572174072
1.0 0.5277166962623596 0.7085250020027161 0.06734999269247055 0.14592495560646057
6.0 0.3098166584968567 0.6705499887466431 0.024399995803833008 0.0683249831199646
6.0 0.3737666606903076 0.23725000023841858 0.02850000001490116 0.07060003280639648
8.0 0.520716667175293 0.26030001044273376 0.4985833168029785 0.3887999653816223
8.0 0.5136833190917969 0.6875 0.6392833590507507 0.42727500200271606
8.0 0.9483291506767273 0.26030001044273376 0.10334166139364243 0.3887999653816223
8.0 0.9166708588600159 0.6875 0.16665832698345184 0.42727500200271606
