4.0 0.9769114851951599 0.7308620810508728 0.04617708921432495 0.19181813299655914
5.0 0.8959791660308838 0.728416919708252 0.09265624731779099 0.21064259111881256
5.0 0.9461458325386047 0.32822883129119873 0.03558333218097687 0.11584631353616714
6.0 0.9960051774978638 0.3735736310482025 0.00798958819359541 0.06000004708766937
5.0 0.9971640706062317 0.5036833882331848 0.005671875085681677 0.2525861859321594
5.0 0.989062488079071 0.2728213369846344 0.02187499962747097 0.17443576455116272
7.0 0.9942734241485596 0.8088244795799255 0.011453124694526196 0.37722569704055786
8.0 0.9225103855133057 0.04766065254807472 0.1549791693687439 0.09532130509614944
8.0 0.9635989665985107 0.33481189608573914 0.0728020891547203 0.1410188376903534
8.0 0.9884817600250244 0.2287813425064087 0.02303646132349968 0.4575626850128174
8.0 0.9826979041099548 0.5101880431175232 0.03460416942834854 0.5843886733055115
8.0 0.9242500066757202 0.8033071756362915 0.15150001645088196 0.3933855891227722
4.0 0.5294895768165588 0.24170845746994019 0.07534375041723251 0.1600312739610672
4.0 0.656000018119812 0.7308620810508728 0.10952083021402359 0.19181813299655914
5.0 0.7686041593551636 0.728416919708252 0.09265624731779099 0.21064259111881256
5.0 0.7184374928474426 0.32822883129119873 0.03558333218097687 0.11584631353616714
6.0 0.6594687700271606 0.3735736310482025 0.026208339259028435 0.06000004708766937
6.0 0.5024583339691162 0.48927900195121765 0.04622916504740715 0.10376172512769699
5.0 0.62869793176651 0.5036833882331848 0.08311458677053452 0.2525861859321594
5.0 0.6451666355133057 0.2728213369846344 0.08258333802223206 0.17443576455116272
7.0 0.3310208320617676 0.5682915449142456 0.3266249895095825 0.39854228496551514
7.0 0.4348541498184204 0.8088244795799255 0.48236459493637085 0.37722569704055786
7.0 0.3321771025657654 0.24173985421657562 0.3289375305175781 0.33761757612228394
8.0 0.4936354160308838 0.04766065254807472 0.6518541574478149 0.09532130509614944
8.0 0.6829895973205566 0.33481189608573914 0.10879166424274445 0.1410188376903534
8.0 0.42766666412353516 0.2287813425064087 0.519906222820282 0.4575626850128174
8.0 0.433447927236557 0.5101880431175232 0.5314791798591614 0.5843886733055115
8.0 0.4918958246707916 0.8033071756362915 0.6483750343322754 0.3933855891227722
7.0 0.08385416865348816 0.5682915449142456 0.16770833730697632 0.39854228496551514
7.0 0.07087239623069763 0.8088244795799255 0.14174479246139526 0.37722569704055786
7.0 0.08385416865348816 0.24173985421657562 0.16770833730697632 0.33761757612228394
8.0 0.08385416865348816 0.04766065254807472 0.16770833730697632 0.09532130509614944
8.0 0.08385155349969864 0.2287813425064087 0.16770310699939728 0.4575626850128174
8.0 0.08385416865348816 0.5101880431175232 0.16770833730697632 0.5843886733055115
8.0 0.08385416865348816 0.8033071756362915 0.16770833730697632 0.3933855891227722
