6.0 0.2245955467224121 0.9212853908538818 0.29901885986328125 0.15742924809455872
4.0 0.3838898539543152 0.9704451560974121 0.545972466468811 0.05910966172814369
5.0 0.866506040096283 0.9679186344146729 0.26698797941207886 0.0641627237200737
5.0 0.7049569487571716 0.8892806768417358 0.3464199900627136 0.0934080258011818
8.0 0.44449225068092346 0.9212853908538818 0.8889845013618469 0.15742924809455872
7.0 0.03583480790257454 0.9645518660545349 0.07166961580514908 0.070896215736866
8.0 0.5 0.9666863083839417 1.0 0.06662735342979431
6.0 0.2245955467224121 0.7638443112373352 0.29901885986328125 0.15745283663272858
4.0 0.3838898539543152 0.5188443064689636 0.545972466468811 0.4508136808872223
5.0 0.866506040096283 0.5138915181159973 0.26698797941207886 0.4708254337310791
5.0 0.7049569487571716 0.7958608269691467 0.3464199900627136 0.0934080258011818
8.0 0.44449225068092346 0.729363203048706 0.8889845013618469 0.22641509771347046
7.0 0.03583480790257454 0.45673349499702454 0.07166961580514908 0.5986084938049316
8.0 0.5 0.45518866181373596 1.0 0.5931603908538818
4.0 0.3838898539543152 0.010710496455430984 0.545972466468811 0.02142099291086197
5.0 0.866506040096283 0.018189845606684685 0.26698797941207886 0.03637969121336937
7.0 0.03583480790257454 0.07871462404727936 0.07166961580514908 0.15742924809455872
8.0 0.5 0.0781250074505806 1.0 0.1562500149011612
