8.0 0.007604999467730522 0.9144687056541443 0.015209998935461044 0.05643751844763756
6.0 0.0028299998957663774 0.9010937213897705 0.005659999791532755 0.020656269043684006
5.0 0.011280003003776073 0.9032812714576721 0.008759994059801102 0.02987498790025711
8.0 0.36636000871658325 0.9144687056541443 0.0431399904191494 0.05643751844763756
6.0 0.35920000076293945 0.9010937213897705 0.009720001369714737 0.020656269043684006
5.0 0.348719984292984 0.9032812714576721 0.008759994059801102 0.02987498790025711
7.0 0.37681999802589417 0.9089999794960022 0.019739991053938866 0.04018750041723251
5.0 0.39893999695777893 0.2407187670469284 0.014480018988251686 0.016375072300434113
5.0 0.4229400157928467 0.2554999887943268 0.012420006096363068 0.025531277060508728
6.0 0.4042600095272064 0.2528437376022339 0.012480011209845543 0.01646876335144043
6.0 0.42937999963760376 0.24818751215934753 0.004999999888241291 0.01037493348121643
7.0 0.4430199861526489 0.2590624690055847 0.023740004748106003 0.03481246531009674
7.0 0.40615999698638916 0.2908124625682831 0.03658001124858856 0.06143748760223389
8.0 0.4389199912548065 0.2838749587535858 0.1066799908876419 0.09987503290176392
8.0 0.4543600082397461 0.25618746876716614 0.07658001035451889 0.05181245505809784
