6.0 0.4835200011730194 0.43485331535339355 0.06296000629663467 0.11863994598388672
6.0 0.5171599984169006 0.6763200163841248 0.08565998822450638 0.14234669506549835
5.0 0.5826399922370911 0.6539733409881592 0.03073999285697937 0.1310933381319046
5.0 0.568880021572113 0.45760005712509155 0.04623998701572418 0.13981330394744873
7.0 0.36218002438545227 0.6633333563804626 0.25363996624946594 0.39501333236694336
7.0 0.3575400114059448 0.3417866826057434 0.19290000200271606 0.34744003415107727
8.0 0.35850000381469727 0.26842665672302246 0.46700000762939453 0.5368533134460449
8.0 0.36250001192092896 0.6085066795349121 0.4749999940395355 0.7606932520866394
7.0 0.007319986820220947 0.6633333563804626 0.014639973640441895 0.39501333236694336
8.0 0.0625 0.26842665672302246 0.125 0.5368533134460449
8.0 0.0625 0.6085066795349121 0.125 0.7606932520866394
