8.0 0.9923949837684631 0.9144687056541443 0.015209998935461044 0.05643751844763756
6.0 0.9971699714660645 0.9010937213897705 0.005659999791532755 0.020656269043684006
5.0 0.9887199997901917 0.9032812714576721 0.008759994059801102 0.02987498790025711
8.0 0.6336399912834167 0.9144687056541443 0.0431399904191494 0.05643751844763756
6.0 0.6407999992370605 0.9010937213897705 0.009720001369714737 0.020656269043684006
5.0 0.6512799859046936 0.9032812714576721 0.008759994059801102 0.02987498790025711
7.0 0.6231800317764282 0.9089999794960022 0.019739991053938866 0.04018750041723251
5.0 0.6010600328445435 0.2407187670469284 0.014480018988251686 0.016375072300434113
5.0 0.5770599842071533 0.2554999887943268 0.012420006096363068 0.025531277060508728
6.0 0.595740020275116 0.2528437376022339 0.012480011209845543 0.01646876335144043
6.0 0.5706200003623962 0.24818751215934753 0.004999999888241291 0.01037493348121643
7.0 0.5569800138473511 0.2590624690055847 0.023740004748106003 0.03481246531009674
7.0 0.5938400030136108 0.2908124625682831 0.03658001124858856 0.06143748760223389
8.0 0.5610799789428711 0.2838749587535858 0.1066799908876419 0.09987503290176392
8.0 0.5456399917602539 0.25618746876716614 0.07658001035451889 0.05181245505809784
