6.0 0.5164799690246582 0.43485331535339355 0.06296000629663467 0.11863994598388672
6.0 0.48284000158309937 0.6763200163841248 0.08565998822450638 0.14234669506549835
5.0 0.41736000776290894 0.6539733409881592 0.03073999285697937 0.1310933381319046
5.0 0.43112000823020935 0.45760005712509155 0.04623998701572418 0.13981330394744873
7.0 0.6378200054168701 0.6633333563804626 0.25363996624946594 0.39501333236694336
7.0 0.6424599885940552 0.3417866826057434 0.19290000200271606 0.34744003415107727
8.0 0.6414999961853027 0.26842665672302246 0.46700000762939453 0.5368533134460449
8.0 0.637499988079071 0.6085066795349121 0.4749999940395355 0.7606932520866394
7.0 0.992680013179779 0.6633333563804626 0.014639973640441895 0.39501333236694336
8.0 0.9375 0.26842665672302246 0.125 0.5368533134460449
8.0 0.9375 0.6085066795349121 0.125 0.7606932520866394
