17.0 0.08349999785423279 0.5 0.16699999570846558 1.0
7.0 0.11377999931573868 0.833783745765686 0.04055999591946602 0.0483483150601387
5.0 0.15892000496387482 0.8467567563056946 0.01616000011563301 0.05063065513968468
6.0 0.1438799947500229 0.8613213300704956 0.013319998048245907 0.025075029581785202
8.0 0.12887999415397644 0.8418018221855164 0.07624000310897827 0.07117116451263428
17.0 0.4620000123977661 0.5 0.5900000333786011 1.0
7.0 0.22021999955177307 0.833783745765686 0.04055999591946602 0.0483483150601387
5.0 0.17508000135421753 0.8467567563056946 0.01616000011563301 0.05063065513968468
6.0 0.19011999666690826 0.8613213300704956 0.013319998048245907 0.025075029581785202
8.0 0.2051199972629547 0.8418018221855164 0.07624000310897827 0.07117116451263428
17.0 0.9545000195503235 0.5 0.09100000560283661 1.0
