7.0 0.5273200273513794 0.9818750023841858 0.1313599944114685 0.03625001013278961
7.0 0.5217800140380859 0.823035717010498 0.12496001273393631 0.1684523969888687
7.0 0.5189799666404724 0.5600297451019287 0.11937998235225677 0.14125001430511475
7.0 0.5090399980545044 0.33761903643608093 0.13005998730659485 0.16241076588630676
7.0 0.5053200125694275 0.0019568230491131544 0.13912001252174377 0.003913646098226309
5.0 0.38741999864578247 0.5597916841506958 0.0468599908053875 0.10318450629711151
6.0 0.4473400115966797 0.5569642782211304 0.03021998330950737 0.07038687914609909
6.0 0.4318000078201294 0.271785706281662 0.029719986021518707 0.04898810014128685
8.0 0.5179600119590759 0.11488097161054611 0.29850003123283386 0.22976194322109222
8.0 0.5577399730682373 0.31553569436073303 0.335720032453537 0.24157744646072388
8.0 0.5389400124549866 0.6097023487091064 0.35694000124931335 0.4025893211364746
8.0 0.6077800393104553 0.8554612994194031 0.34404000639915466 0.28907740116119385
8.0 0.5485600233078003 0.9653422832489014 0.31972000002861023 0.06931546330451965
8.0 0.9732000231742859 0.31553569436073303 0.053599998354911804 0.24157744646072388
8.0 0.9772949814796448 0.6097023487091064 0.04541001096367836 0.4025893211364746
8.0 0.9460999965667725 0.8554612994194031 0.10780002176761627 0.28907740116119385
8.0 0.9817900061607361 0.9653422832489014 0.03642001748085022 0.06931546330451965
