17.0 0.9164999723434448 0.5 0.16699999570846558 1.0
7.0 0.8862199783325195 0.833783745765686 0.04055999591946602 0.0483483150601387
5.0 0.8410800099372864 0.8467567563056946 0.01616000011563301 0.05063065513968468
6.0 0.8561199903488159 0.8613213300704956 0.013319998048245907 0.025075029581785202
8.0 0.8711199760437012 0.8418018221855164 0.07624000310897827 0.07117116451263428
17.0 0.5379999876022339 0.5 0.5900000333786011 1.0
7.0 0.7797799706459045 0.833783745765686 0.04055999591946602 0.0483483150601387
5.0 0.8249199986457825 0.8467567563056946 0.01616000011563301 0.05063065513968468
6.0 0.8098800182342529 0.8613213300704956 0.013319998048245907 0.025075029581785202
8.0 0.7948799729347229 0.8418018221855164 0.07624000310897827 0.07117116451263428
17.0 0.045500002801418304 0.5 0.09100000560283661 1.0
