6.0 0.34356001019477844 0.3803466856479645 0.05712001025676727 0.10647996515035629
5.0 0.3029800057411194 0.32549333572387695 0.06928000599145889 0.09528001397848129
7.0 0.45910000801086426 0.4027999937534332 0.19219999015331268 0.16466665267944336
8.0 0.49813997745513916 0.4253333508968353 0.46493998169898987 0.30445337295532227
8.0 0.7279199957847595 0.6345133185386658 0.28984004259109497 0.7309733033180237
6.0 0.6812399625778198 0.7013333439826965 0.07115998864173889 0.0440266914665699
5.0 0.6626999974250793 0.837440013885498 0.16471999883651733 0.22338664531707764
7.0 0.8220000267028809 0.6573333144187927 0.10600000619888306 0.2773333489894867
8.0 0.9385799765586853 0.6345133185386658 0.122840017080307 0.7309733033180237
7.0 0.9279999732971191 0.6573333144187927 0.10600000619888306 0.2773333489894867
