6.0 0.656440019607544 0.3803466856479645 0.05712001025676727 0.10647996515035629
5.0 0.6970199942588806 0.32549333572387695 0.06928000599145889 0.09528001397848129
7.0 0.5408999919891357 0.4027999937534332 0.19219999015331268 0.16466665267944336
8.0 0.5018600225448608 0.4253333508968353 0.46493998169898987 0.30445337295532227
8.0 0.2720800042152405 0.6345133185386658 0.28984004259109497 0.7309733033180237
6.0 0.3187600076198578 0.7013333439826965 0.07115998864173889 0.0440266914665699
5.0 0.33730000257492065 0.837440013885498 0.16471999883651733 0.22338664531707764
7.0 0.17800000309944153 0.6573333144187927 0.10600000619888306 0.2773333489894867
8.0 0.0614200085401535 0.6345133185386658 0.122840017080307 0.7309733033180237
7.0 0.07199999690055847 0.6573333144187927 0.10600000619888306 0.2773333489894867
