10.0 0.9378906488418579 0.6423611044883728 0.12421876192092896 0.6819444894790649
5.0 0.9609355330467224 0.2953888475894928 0.07812890410423279 0.28474998474121094
8.0 0.9637265801429749 0.47483333945274353 0.07254687696695328 0.9496666789054871
10.0 0.4527343809604645 0.6423611044883728 0.46796876192092896 0.6819444894790649
7.0 0.2912968695163727 0.2299305647611618 0.1450859159231186 0.4235973358154297
6.0 0.41108593344688416 0.29987505078315735 0.07514061033725739 0.21227772533893585
5.0 0.5868203043937683 0.2953888475894928 0.10761719942092896 0.28474998474121094
8.0 0.42689844965934753 0.47483333945274353 0.4162968695163727 0.9496666789054871
10.0 0.109375 0.6423611044883728 0.21875 0.6819444894790649
7.0 0.14620311558246613 0.2299305647611618 0.1450859159231186 0.4235973358154297
6.0 0.03199218213558197 0.29987505078315735 0.06398436427116394 0.21227772533893585
8.0 0.109375 0.47483333945274353 0.21875 0.9496666789054871
