18.0 0.92578125 0.10976389050483704 0.1484375 0.21952778100967407
11.0 0.9811874628067017 0.07527775317430496 0.030875008553266525 0.03241666033864021
2.0 0.956906259059906 0.06827778369188309 0.009968765079975128 0.022888818755745888
8.0 0.9747577905654907 0.07708337903022766 0.05048438161611557 0.045916661620140076
24.0 0.8359375 0.7680555582046509 0.109375 0.2083333283662796
15.0 0.3452187478542328 0.6855694651603699 0.2529374659061432 0.628861129283905
18.0 0.46484375 0.10976389050483704 0.4921875 0.21952778100967407
8.0 0.4677656292915344 0.9011666774749756 0.08490626513957977 0.06441667675971985
11.0 0.5813125371932983 0.07527775317430496 0.030875008553266525 0.03241666033864021
2.0 0.605593740940094 0.06827778369188309 0.009968765079975128 0.022888818755745888
8.0 0.570968747138977 0.07708337903022766 0.08403126150369644 0.045916661620140076
24.0 0.7265625 0.7680555582046509 0.109375 0.2083333283662796
15.0 0.109375 0.6855694651603699 0.21875 0.628861129283905
18.0 0.109375 0.10976389050483704 0.21875 0.21952778100967407
8.0 0.006093759089708328 0.9011666774749756 0.012187518179416656 0.06441667675971985
