15.0 0.15965625643730164 0.9147777557373047 0.11817187815904617 0.17044442892074585
15.0 0.109375 0.39051389694213867 0.21875 0.7810277938842773
11.0 0.1576875001192093 0.11922221630811691 0.02056250162422657 0.030666563659906387
7.0 0.046078115701675415 0.11241669207811356 0.019437499344348907 0.03244442492723465
2.0 0.06331250071525574 0.1121944859623909 0.012890629470348358 0.022888818755745888
8.0 0.14682812988758087 0.11736106872558594 0.0703437477350235 0.05299992114305496
8.0 0.039546869695186615 0.11197217553853989 0.06278125941753387 0.062305450439453125
15.0 0.27784374356269836 0.9147777557373047 0.11817187815904617 0.17044442892074585
15.0 0.47757813334465027 0.39051389694213867 0.5176562666893005 0.7810277938842773
11.0 0.5004062652587891 0.30900001525878906 0.018656238913536072 0.03408326208591461
11.0 0.2798125147819519 0.11922221630811691 0.02056250162422657 0.030666563659906387
7.0 0.3914218842983246 0.11241669207811356 0.019437499344348907 0.03244442492723465
2.0 0.37418749928474426 0.1121944859623909 0.012890629470348358 0.022888818755745888
8.0 0.2906718850135803 0.11736106872558594 0.0703437477350235 0.05299992114305496
8.0 0.3979531228542328 0.11197217553853989 0.06278125941753387 0.062305450439453125
8.0 0.49632811546325684 0.303777813911438 0.03065624088048935 0.04952769726514816
15.0 0.9130468964576721 0.39051389694213867 0.17390625178813934 0.7810277938842773
