10.0 0.06562500447034836 0.9597222208976746 0.13125000894069672 0.08055554330348969
8.0 0.006138677708804607 0.4817812442779541 0.012277355417609215 0.9635624885559082
10.0 0.38398435711860657 0.9597222208976746 0.15546874701976776 0.08055554330348969
7.0 0.7215390801429749 0.39336106181144714 0.11942186951637268 0.3705556094646454
6.0 0.6211562752723694 0.3869166970252991 0.04142189025878906 0.10565270483493805
5.0 0.5329218506813049 0.3645416796207428 0.04575781524181366 0.14643055200576782
8.0 0.6032343506813049 0.4817812442779541 0.3560234606266022 0.9635624885559082
7.0 0.8409609198570251 0.39336106181144714 0.11942186951637268 0.3705556094646454
6.0 0.9413437247276306 0.3869166970252991 0.04142189025878906 0.10565270483493805
8.0 0.8906269669532776 0.4817812442779541 0.2187461107969284 0.9635624885559082
