10.0 0.9058593511581421 0.2534722089767456 0.18828123807907104 0.5069444179534912
5.0 0.9631679654121399 0.3992500305175781 0.07366405427455902 0.31513893604278564
8.0 0.958984375 0.47291669249534607 0.0820312350988388 0.5013889074325562
10.0 0.4847656190395355 0.2534722089767456 0.532031238079071 0.5069444179534912
7.0 0.2846015393733978 0.5164722204208374 0.13169533014297485 0.247333362698555
6.0 0.4154921770095825 0.38568052649497986 0.07526560127735138 0.16765277087688446
5.0 0.5899999737739563 0.3992500305175781 0.09232810139656067 0.31513893604278564
8.0 0.431640625 0.47291669249534607 0.42578125 0.5013889074325562
10.0 0.109375 0.2534722089767456 0.21875 0.5069444179534912
7.0 0.15289844572544098 0.5164722204208374 0.13169533014297485 0.247333362698555
6.0 0.029820311814546585 0.38568052649497986 0.05964062362909317 0.16765277087688446
8.0 0.109375 0.47291669249534607 0.21875 0.5013889074325562
