5.0 0.01794545352458954 0.539836049079895 0.03589090704917908 0.20196717977523804
8.0 0.020881816744804382 0.9764344096183777 0.041763633489608765 0.04713113233447075
8.0 0.017354551702737808 0.6780874133110046 0.034709103405475616 0.5388524532318115
17.0 0.0689818263053894 0.5081011056900024 0.1379636526107788 0.9837977886199951
17.0 0.016181809827685356 0.026912566274404526 0.03236361965537071 0.05382513254880905
6.0 0.4227636456489563 0.5103825330734253 0.046472735702991486 0.09163933247327805
5.0 0.3343272805213928 0.539836049079895 0.07134546339511871 0.20196717977523804
8.0 0.42789092659950256 0.9764344096183777 0.2702181935310364 0.04713113233447075
8.0 0.41472727060317993 0.6780874133110046 0.2297818511724472 0.5388524532318115
17.0 0.5146545171737671 0.5081011056900024 0.6361454725265503 0.9837977886199951
10.0 0.512218177318573 0.011912576854228973 0.12919998168945312 0.023825153708457947
17.0 0.37385454773902893 0.026912566274404526 0.143345445394516 0.05382513254880905
17.0 0.9163636565208435 0.5081011056900024 0.16727273166179657 0.9837977886199951
