10.0 0.9281249642372131 0.8236110806465149 0.14375002682209015 0.3527778089046478
8.0 0.962890625 0.5131944417953491 0.0742187649011612 0.9736111164093018
5.0 0.9631699323654175 0.4855555295944214 0.07366016507148743 0.27743059396743774
10.0 0.48359376192092896 0.8236110806465149 0.4453125 0.3527778089046478
8.0 0.427734375 0.5131944417953491 0.41796875 0.9736111164093018
7.0 0.30189844965934753 0.43415284156799316 0.16629689931869507 0.45562493801116943
6.0 0.41581249237060547 0.47919443249702454 0.0679296925663948 0.22269439697265625
5.0 0.5880937576293945 0.4855555295944214 0.09613281488418579 0.27743059396743774
10.0 0.08828123658895493 0.8236110806465149 0.17656247317790985 0.3527778089046478
8.0 0.109375 0.5131944417953491 0.21875 0.9736111164093018
7.0 0.13560155034065247 0.43415284156799316 0.16629689931869507 0.45562493801116943
6.0 0.02782617323100567 0.47919443249702454 0.05565234646201134 0.22269439697265625
