10.0 0.0062500061467289925 0.058333344757556915 0.012500012293457985 0.11666668951511383
10.0 0.546875 0.058333344757556915 0.24374999105930328 0.11666668951511383
6.0 0.6386562585830688 0.3267916440963745 0.038468778133392334 0.11479166150093079
5.0 0.5541093945503235 0.33856943249702454 0.04125002771615982 0.15474997460842133
7.0 0.7271171808242798 0.30855560302734375 0.10825784504413605 0.2981111705303192
8.0 0.6568046808242798 0.2585659921169281 0.24888284504413605 0.5171319842338562
10.0 0.9468750357627869 0.058333344757556915 0.10624997317790985 0.11666668951511383
6.0 0.9238437414169312 0.3267916440963745 0.038468778133392334 0.11479166150093079
5.0 0.9938827753067017 0.33856943249702454 0.012234389781951904 0.15474997460842133
7.0 0.8353828191757202 0.30855560302734375 0.10825784504413605 0.2981111705303192
8.0 0.8906269669532776 0.2585659921169281 0.2187461107969284 0.5171319842338562
