10.0 0.0527343712747097 0.6944444179534912 0.1054687425494194 0.2638888955116272
10.0 0.4351562559604645 0.6944444179534912 0.20625001192092896 0.2638888955116272
7.0 0.725781261920929 0.31111112236976624 0.11093750596046448 0.32222217321395874
6.0 0.639773428440094 0.2988471984863281 0.03623436391353607 0.11512502282857895
5.0 0.5493437647819519 0.2942638397216797 0.05181249976158142 0.17588891088962555
8.0 0.6501094102859497 0.4482361674308777 0.2622734308242798 0.7687499523162842
7.0 0.836718738079071 0.31111112236976624 0.11093750596046448 0.32222217321395874
6.0 0.922726571559906 0.2988471984863281 0.03623436391353607 0.11512502282857895
5.0 0.9936249852180481 0.2942638397216797 0.012750010937452316 0.17588891088962555
8.0 0.8906269669532776 0.4482361674308777 0.2187461107969284 0.7687499523162842
