10.0 0.6957142949104309 0.9053819179534912 0.608571469783783 0.189236119389534
10.0 0.3319428861141205 0.5059027671813965 0.33811429142951965 0.10968749225139618
10.0 0.6957142949104309 0.687048614025116 0.608571469783783 0.21965278685092926
10.0 0.03358571603894234 0.27215275168418884 0.06717143207788467 0.028611140325665474
10.0 0.04501429572701454 0.30135414004325867 0.09002859145402908 0.025729194283485413
10.0 0.06478571146726608 0.3449305295944214 0.12957142293453217 0.035868089646101
10.0 0.08119998127222061 0.36909720301628113 0.1452571302652359 0.04309026896953583
10.0 0.11451425403356552 0.3923611044883728 0.15474285185337067 0.05902775377035141
10.0 0.19480000436306 0.42576390504837036 0.22382858395576477 0.089409738779068
10.0 0.010228575207293034 0.2467014044523239 0.020457150414586067 0.026145845651626587
10.0 0.00918572023510933 0.22690972685813904 0.01837144047021866 0.01708335429430008
10.0 0.007757141720503569 0.21166665852069855 0.015514283441007137 0.01979167014360428
10.0 0.03358571603894234 0.12020834535360336 0.06717143207788467 0.028611140325665474
10.0 0.04501429572701454 0.09100695699453354 0.09002859145402908 0.025729194283485413
10.0 0.06478571146726608 0.04743057116866112 0.12957142293453217 0.035868089646101
10.0 0.08119998127222061 0.023263901472091675 0.1452571302652359 0.04309026896953583
10.0 0.11451425403356552 0.014756938442587852 0.15474285185337067 0.029513876885175705
10.0 0.19480000436306 0.0056510381400585175 0.22382858395576477 0.011302076280117035
10.0 0.010228575207293034 0.14565971493721008 0.020457150414586067 0.026145845651626587
10.0 0.00918572023510933 0.16545137763023376 0.01837144047021866 0.01708335429430008
10.0 0.007757141720503569 0.18069446086883545 0.015514283441007137 0.01979167014360428
