10.0 0.7322423458099365 0.14945648610591888 0.006963786669075489 0.014130539260804653
10.0 0.7350278496742249 0.3798913359642029 0.006963786669075489 0.01630421169102192
10.0 0.7379874587059021 0.5978261232376099 0.007311978843063116 0.015217375010251999
10.0 0.7411211729049683 0.7532608509063721 0.007311974186450243 0.015217375010251999
10.0 0.7571378946304321 0.779347836971283 0.014275760389864445 0.03478265181183815
10.0 0.7452994585037231 0.8983696103096008 0.008704742416739464 0.020652111619710922
10.0 0.7541782855987549 0.9668478965759277 0.011838449165225029 0.029347915202379227
10.0 0.7496517896652222 0.9842391014099121 0.010445679537951946 0.018478253856301308
10.0 0.7569637894630432 0.38913047313690186 0.016713092103600502 0.0391305536031723
10.0 0.7738509774208069 0.552173912525177 0.024025065824389458 0.06521740555763245
10.0 0.7416434288024902 0.9206521511077881 0.006963786669075489 0.017391232773661613
10.0 0.7372910976409912 0.70923912525177 0.006615599151700735 0.01413035299628973
10.0 0.7331128120422363 0.4239131212234497 0.006615599151700735 0.015217561274766922
10.0 0.730327308177948 0.12771734595298767 0.006615599151700735 0.01630421169102192
10.0 0.9099651575088501 0.8665543794631958 0.04230847582221031 0.11059786379337311
10.0 0.5880919098854065 0.14945648610591888 0.006963786669075489 0.014130539260804653
10.0 0.5853064060211182 0.3798913359642029 0.006963786669075489 0.01630421169102192
10.0 0.5823467969894409 0.5978261232376099 0.007311978843063116 0.015217375010251999
10.0 0.5792130827903748 0.7532608509063721 0.007311974186450243 0.015217375010251999
10.0 0.5631963610649109 0.779347836971283 0.014275760389864445 0.03478265181183815
10.0 0.5750347971916199 0.8983696103096008 0.008704742416739464 0.020652111619710922
10.0 0.5661559700965881 0.9668478965759277 0.011838449165225029 0.029347915202379227
10.0 0.5706824660301208 0.9842391014099121 0.010445679537951946 0.018478253856301308
10.0 0.5633704662322998 0.38913047313690186 0.016713092103600502 0.0391305536031723
10.0 0.5464832782745361 0.552173912525177 0.024025065824389458 0.06521740555763245
10.0 0.5786908268928528 0.9206521511077881 0.006963786669075489 0.017391232773661613
10.0 0.5830431580543518 0.70923912525177 0.006615599151700735 0.01413035299628973
10.0 0.5872214436531067 0.4239131212234497 0.006615599151700735 0.015217561274766922
10.0 0.590006947517395 0.12771734595298767 0.006615599151700735 0.01630421169102192
10.0 0.41036906838417053 0.8665543794631958 0.04230847582221031 0.11059786379337311
10.0 0.0915738120675087 0.14945648610591888 0.006963786669075489 0.014130539260804653
10.0 0.09435933083295822 0.3798913359642029 0.006963786669075489 0.01630421169102192
10.0 0.09731893986463547 0.5978261232376099 0.007311978843063116 0.015217375010251999
10.0 0.10045265406370163 0.7532608509063721 0.007311974186450243 0.015217375010251999
10.0 0.1164693608880043 0.779347836971283 0.014275760389864445 0.03478265181183815
10.0 0.10463091731071472 0.8983696103096008 0.008704742416739464 0.020652111619710922
10.0 0.11350974440574646 0.9668478965759277 0.011838449165225029 0.029347915202379227
10.0 0.10898329317569733 0.9842391014099121 0.010445679537951946 0.018478253856301308
10.0 0.11629526317119598 0.38913047313690186 0.016713092103600502 0.0391305536031723
10.0 0.13318245112895966 0.552173912525177 0.024025065824389458 0.06521740555763245
10.0 0.1009749323129654 0.9206521511077881 0.006963786669075489 0.017391232773661613
10.0 0.09662256389856339 0.70923912525177 0.006615599151700735 0.01413035299628973
10.0 0.0924442857503891 0.4239131212234497 0.006615599151700735 0.015217561274766922
10.0 0.08965877443552017 0.12771734595298767 0.006615599151700735 0.01630421169102192
10.0 0.26929664611816406 0.8665543794631958 0.04230847582221031 0.11059786379337311
