10.0 0.7825556993484497 0.3684781789779663 0.012186636216938496 0.03478246554732323
10.0 0.7778551578521729 0.7222825884819031 0.011142054572701454 0.029347915202379227
10.0 0.7794219851493835 0.16739122569561005 0.009401117451488972 0.021738948300480843
10.0 0.7761142253875732 0.5461956262588501 0.008356555365025997 0.02282615564763546
10.0 0.8615946769714355 0.946195662021637 0.05327298119664192 0.10760866105556488
10.0 0.7717618346214294 0.8418477773666382 0.01009749248623848 0.025000013411045074
10.0 0.773502767086029 0.989673912525177 0.01009749248623848 0.02065212093293667
10.0 0.7701950073242188 0.999456524848938 0.006963786669075489 0.001086938427761197
10.0 0.7674094438552856 0.8923913240432739 0.004874642938375473 0.01956527680158615
10.0 0.7707172632217407 0.8168478012084961 0.006615599151700735 0.018478253856301308
10.0 0.7712395787239075 0.792391300201416 0.006267411634325981 0.01956527680158615
10.0 0.7722841501235962 0.6282608509063721 0.006267411634325981 0.01956527680158615
10.0 0.7733287215232849 0.5668478608131409 0.006267411634325981 0.016304397955536842
10.0 0.7745473384857178 0.39510872960090637 0.006615599151700735 0.01630421169102192
10.0 0.7755919098854065 0.2559782862663269 0.005222849547863007 0.018478253856301308
10.0 0.7752437591552734 0.22663038969039917 0.005222849547863007 0.018478253856301308
10.0 0.7715877294540405 0.2782609462738037 0.004178268369287252 0.013043517246842384
10.0 0.7722841501235962 0.1940217763185501 0.0034818933345377445 0.014130539260804653
10.0 0.7766364812850952 0.09945645928382874 0.0059192245826125145 0.014130539260804653
10.0 0.7761142253875732 0.05923907086253166 0.0055710370652377605 0.01630421169102192
10.0 0.773502767086029 0.0021739089861512184 0.0038300808519124985 0.004347817972302437
10.0 0.7721100449562073 0.13152174651622772 0.0038300808519124985 0.015217561274766922
10.0 0.5377785563468933 0.3684781789779663 0.012186636216938496 0.03478246554732323
10.0 0.5424790978431702 0.7222825884819031 0.011142054572701454 0.029347915202379227
10.0 0.5409122705459595 0.16739122569561005 0.009401117451488972 0.021738948300480843
10.0 0.5442200899124146 0.5461956262588501 0.008356555365025997 0.02282615564763546
10.0 0.4587395489215851 0.946195662021637 0.05327298119664192 0.10760866105556488
10.0 0.5485724210739136 0.8418477773666382 0.01009749248623848 0.025000013411045074
10.0 0.546831488609314 0.989673912525177 0.01009749248623848 0.02065212093293667
10.0 0.5501392483711243 0.999456524848938 0.006963786669075489 0.001086938427761197
10.0 0.5529248118400574 0.8923913240432739 0.004874642938375473 0.01956527680158615
10.0 0.5496169924736023 0.8168478012084961 0.006615599151700735 0.018478253856301308
10.0 0.5490946769714355 0.792391300201416 0.006267411634325981 0.01956527680158615
10.0 0.5480501651763916 0.6282608509063721 0.006267411634325981 0.01956527680158615
10.0 0.5470055937767029 0.5668478608131409 0.006267411634325981 0.016304397955536842
10.0 0.5457869172096252 0.39510872960090637 0.006615599151700735 0.01630421169102192
10.0 0.5447423458099365 0.2559782862663269 0.005222849547863007 0.018478253856301308
10.0 0.5450905561447144 0.22663038969039917 0.005222849547863007 0.018478253856301308
10.0 0.5487465262413025 0.2782609462738037 0.004178268369287252 0.013043517246842384
10.0 0.5480501651763916 0.1940217763185501 0.0034818933345377445 0.014130539260804653
10.0 0.5436977744102478 0.09945645928382874 0.0059192245826125145 0.014130539260804653
10.0 0.5442200899124146 0.05923907086253166 0.0055710370652377605 0.01630421169102192
10.0 0.546831488609314 0.0021739089861512184 0.0038300808519124985 0.004347817972302437
10.0 0.5482242107391357 0.13152174651622772 0.0038300808519124985 0.015217561274766922
10.0 0.14188718795776367 0.3684781789779663 0.012186636216938496 0.03478246554732323
10.0 0.13718663156032562 0.7222825884819031 0.011142054572701454 0.029347915202379227
10.0 0.1387534737586975 0.16739122569561005 0.009401117451488972 0.021738948300480843
10.0 0.13544568419456482 0.5461956262588501 0.008356555365025997 0.02282615564763546
10.0 0.2209261804819107 0.946195662021637 0.05327298119664192 0.10760866105556488
10.0 0.1310933232307434 0.8418477773666382 0.01009749248623848 0.025000013411045074
10.0 0.13283425569534302 0.989673912525177 0.01009749248623848 0.02065212093293667
10.0 0.12952646613121033 0.999456524848938 0.006963786669075489 0.001086938427761197
10.0 0.1267409473657608 0.8923913240432739 0.004874642938375473 0.01956527680158615
10.0 0.1300487369298935 0.8168478012084961 0.006615599151700735 0.018478253856301308
10.0 0.13057103753089905 0.792391300201416 0.006267411634325981 0.01956527680158615
10.0 0.13161559402942657 0.6282608509063721 0.006267411634325981 0.01956527680158615
10.0 0.1326601654291153 0.5668478608131409 0.006267411634325981 0.016304397955536842
10.0 0.13387882709503174 0.39510872960090637 0.006615599151700735 0.01630421169102192
10.0 0.13492339849472046 0.2559782862663269 0.005222849547863007 0.018478253856301308
10.0 0.13457520306110382 0.22663038969039917 0.005222849547863007 0.018478253856301308
10.0 0.1309192180633545 0.2782609462738037 0.004178268369287252 0.013043517246842384
10.0 0.13161559402942657 0.1940217763185501 0.0034818933345377445 0.014130539260804653
10.0 0.13596796989440918 0.09945645928382874 0.0059192245826125145 0.014130539260804653
10.0 0.13544568419456482 0.05923907086253166 0.0055710370652377605 0.01630421169102192
10.0 0.13283425569534302 0.0021739089861512184 0.0038300808519124985 0.004347817972302437
10.0 0.13144150376319885 0.13152174651622772 0.0038300808519124985 0.015217561274766922
