10.0 0.8443593382835388 0.05869560316205025 0.05501391738653183 0.1173912063241005
10.0 0.7393802404403687 0.1869565099477768 0.008704733103513718 0.015217561274766922
23.0 0.8962638974189758 0.12759505212306976 0.07061628997325897 0.2551901042461395
5.0 0.7199651598930359 0.13619564473628998 0.0027054310776293278 0.011815082281827927
8.0 0.7240982055664062 0.13542400300502777 0.012956129387021065 0.03198917955160141
8.0 0.7232381701469421 0.00428533973172307 0.009251397103071213 0.00857067946344614
7.0 0.7264345288276672 0.1381957083940506 0.006688717287033796 0.024912932887673378
7.0 0.7244881391525269 0.0031195173505693674 0.005779947619885206 0.006239034701138735
10.0 0.4759749472141266 0.05869560316205025 0.05501391738653183 0.1173912063241005
10.0 0.5809540152549744 0.1869565099477768 0.008704733103513718 0.015217561274766922
23.0 0.4240703284740448 0.12759505212306976 0.07061628997325897 0.2551901042461395
5.0 0.6003690958023071 0.13619564473628998 0.0027054310776293278 0.011815082281827927
8.0 0.5962360501289368 0.13542400300502777 0.012956129387021065 0.03198917955160141
8.0 0.5970960855484009 0.00428533973172307 0.009251397103071213 0.00857067946344614
7.0 0.5938997268676758 0.1381957083940506 0.006688717287033796 0.024912932887673378
7.0 0.5958461165428162 0.0031195173505693674 0.005779947619885206 0.006239034701138735
10.0 0.2036907970905304 0.05869560316205025 0.05501391738653183 0.1173912063241005
10.0 0.09871169924736023 0.1869565099477768 0.008704733103513718 0.015217561274766922
23.0 0.2555953860282898 0.12759505212306976 0.07061628997325897 0.2551901042461395
5.0 0.07929665595293045 0.13619564473628998 0.0027054310776293278 0.011815082281827927
8.0 0.08342966437339783 0.13542400300502777 0.012956129387021065 0.03198917955160141
8.0 0.08256963640451431 0.00428533973172307 0.009251397103071213 0.00857067946344614
7.0 0.0857660174369812 0.1381957083940506 0.006688717287033796 0.024912932887673378
7.0 0.08381963521242142 0.0031195173505693674 0.005779947619885206 0.006239034701138735
