10.0 0.002345053479075432 0.8107870221138 0.004690106958150864 0.024722205474972725
10.0 0.004947919398546219 0.5880463123321533 0.009895838797092438 0.029462920501828194
10.0 0.004608075134456158 0.9792314767837524 0.009216150268912315 0.013953685760498047
10.0 0.015260424464941025 0.926018476486206 0.008744806051254272 0.012120353057980537
7.0 0.06615105271339417 0.06690745800733566 0.01193227618932724 0.010953690856695175
8.0 0.05940103530883789 0.06671301275491714 0.033437490463256836 0.019898096099495888
22.0 0.02893749438226223 0.9689907431602478 0.02025000751018524 0.04447221755981445
10.0 0.44323956966400146 0.8107870221138 0.02085937187075615 0.024722205474972725
10.0 0.4404583275318146 0.5880463123321533 0.025708336383104324 0.029462920501828194
10.0 0.45792707800865173 0.32576847076416016 0.037729158997535706 0.05587959289550781
23.0 0.6307291388511658 0.43392127752304077 0.3010416626930237 0.8678425550460815
10.0 0.43305209279060364 0.9792314767837524 0.009536460041999817 0.013953685760498047
10.0 0.4222395718097687 0.926018476486206 0.008744806051254272 0.012120353057980537
7.0 0.37134894728660583 0.06690745800733566 0.01193227618932724 0.010953690856695175
8.0 0.3780989646911621 0.06671301275491714 0.033437490463256836 0.019898096099495888
22.0 0.4085625112056732 0.9689907431602478 0.02025000751018524 0.04447221755981445
23.0 0.890625 0.43392127752304077 0.21875 0.8678425550460815
