10.0 0.033812493085861206 0.8890416622161865 0.021429676562547684 0.027472177520394325
10.0 0.037437498569488525 0.5515972375869751 0.020437493920326233 0.027347246184945107
10.0 0.010548824444413185 0.37136110663414 0.02109764888882637 0.043388791382312775
10.0 0.05015624687075615 0.8753055334091187 0.012187488377094269 0.018833372741937637
10.0 0.05775781348347664 0.11066669970750809 0.01827342063188553 0.02108340710401535
10.0 0.0692421942949295 0.3631666898727417 0.013859376311302185 0.010861079208552837
10.0 0.0738515630364418 0.47419440746307373 0.009523442946374416 0.011041641235351562
10.0 0.07628906518220901 0.5343194603919983 0.006601561792194843 0.007111125625669956
10.0 0.05243749916553497 0.6292916536331177 0.01621093600988388 0.0185555350035429
10.0 0.06260156631469727 0.6480555534362793 0.010539069771766663 0.008819473907351494
10.0 0.06756249070167542 0.6189722418785095 0.011359389871358871 0.009694417007267475
10.0 0.06021875515580177 0.6721944212913513 0.012375008314847946 0.012597190216183662
10.0 0.06991405040025711 0.7630833387374878 0.009585946798324585 0.007916662842035294
10.0 0.06708592921495438 0.7733333110809326 0.009382802993059158 0.008250024169683456
10.0 0.06341405212879181 0.8313194513320923 0.008914053440093994 0.008583281189203262
10.0 0.06520312279462814 0.9357082843780518 0.008273441344499588 0.009888861328363419
10.0 0.4036875069141388 0.8890416622161865 0.021429676562547684 0.027472177520394325
10.0 0.45967188477516174 0.984288215637207 0.04122655838727951 0.031423620879650116
10.0 0.4000625014305115 0.5515972375869751 0.020437493920326233 0.027347246184945107
10.0 0.4333515763282776 0.37136110663414 0.033898428082466125 0.043388791382312775
10.0 0.5365859270095825 0.015972189605236053 0.07161719352006912 0.03194437921047211
10.0 0.38734376430511475 0.8753055334091187 0.012187488377094269 0.018833372741937637
23.0 0.6512265801429749 0.5 0.2600468695163727 1.0
10.0 0.37974217534065247 0.11066669970750809 0.01827342063188553 0.02108340710401535
10.0 0.3682578206062317 0.3631666898727417 0.013859376311302185 0.010861079208552837
10.0 0.3636484444141388 0.47419440746307373 0.009523442946374416 0.011041641235351562
10.0 0.3612109422683716 0.5343194603919983 0.006601561792194843 0.007111125625669956
10.0 0.38506248593330383 0.6292916536331177 0.01621093600988388 0.0185555350035429
10.0 0.37489843368530273 0.6480555534362793 0.010539069771766663 0.008819473907351494
10.0 0.3699375092983246 0.6189722418785095 0.011359389871358871 0.009694417007267475
10.0 0.3772812485694885 0.6721944212913513 0.012375008314847946 0.012597190216183662
10.0 0.3675859570503235 0.7630833387374878 0.009585946798324585 0.007916662842035294
10.0 0.3704140782356262 0.7733333110809326 0.009382802993059158 0.008250024169683456
10.0 0.374085932970047 0.8313194513320923 0.008914053440093994 0.008583281189203262
10.0 0.37229686975479126 0.9357082843780518 0.008273441344499588 0.009888861328363419
10.0 0.9950527548789978 0.015972189605236053 0.009894531220197678 0.03194437921047211
23.0 0.890625 0.5 0.21875 1.0
