10.0 0.026781249791383743 0.18427774310112 0.030804701149463654 0.036986034363508224
10.0 0.025414060801267624 0.6615833044052124 0.025742199271917343 0.043513935059309006
10.0 0.04822656512260437 0.5932638645172119 0.028546884655952454 0.019027816131711006
10.0 0.06764063239097595 0.4025416970252991 0.014265630394220352 0.014902750961482525
10.0 0.06249218061566353 0.7405555248260498 0.013414062559604645 0.009486092254519463
10.0 0.06239062547683716 0.7554722428321838 0.006726577877998352 0.01597224362194538
10.0 0.07362500578165054 0.6423749923706055 0.007703136652708054 0.010694397613406181
10.0 0.07792187482118607 0.5558472275733948 0.008218757808208466 0.007833374664187431
10.0 0.07033593207597733 0.5304861068725586 0.010374985635280609 0.007611062843352556
10.0 0.06944530457258224 0.5181666612625122 0.006953123956918716 0.0183749720454216
10.0 0.06143750250339508 0.5080277919769287 0.011234365403652191 0.015499962493777275
10.0 0.07621093839406967 0.4669722318649292 0.00743749737739563 0.00795830599963665
10.0 0.07896094024181366 0.4597221910953522 0.005531243048608303 0.0043195090256631374
10.0 0.0787031278014183 0.36429160833358765 0.005460935644805431 0.0050137839280068874
10.0 0.07624219357967377 0.34479162096977234 0.006171871908009052 0.0065973070450127125
10.0 0.07538281381130219 0.27986112236976624 0.00788281112909317 0.006138907745480537
10.0 0.06705468893051147 0.2595972418785095 0.011320296674966812 0.00927776750177145
10.0 0.06273436546325684 0.1329999566078186 0.009140633046627045 0.00711101945489645
10.0 0.0471796840429306 0.20338885486125946 0.015617195516824722 0.014819462783634663
10.0 0.047164060175418854 0.05733330920338631 0.017453134059906006 0.018500009551644325
10.0 0.41071873903274536 0.18427774310112 0.030804701149463654 0.036986034363508224
10.0 0.5398671627044678 0.9658854007720947 0.07505471259355545 0.06822914630174637
10.0 0.41208595037460327 0.6615833044052124 0.025742199271917343 0.043513935059309006
10.0 0.38927343487739563 0.5932638645172119 0.028546884655952454 0.019027816131711006
23.0 0.6372734308242798 0.46392014622688293 0.28794530034065247 0.9278402924537659
10.0 0.36985936760902405 0.4025416970252991 0.014265630394220352 0.014902750961482525
10.0 0.3750078082084656 0.7405555248260498 0.013414062559604645 0.009486092254519463
10.0 0.37510937452316284 0.7554722428321838 0.006726577877998352 0.01597224362194538
10.0 0.36387500166893005 0.6423749923706055 0.007703136652708054 0.010694397613406181
10.0 0.35957813262939453 0.5558472275733948 0.008218757808208466 0.007833374664187431
10.0 0.36716407537460327 0.5304861068725586 0.010374985635280609 0.007611062843352556
10.0 0.36805468797683716 0.5181666612625122 0.006953123956918716 0.0183749720454216
10.0 0.3760625123977661 0.5080277919769287 0.011234365403652191 0.015499962493777275
10.0 0.36128905415534973 0.4669722318649292 0.00743749737739563 0.00795830599963665
10.0 0.35853907465934753 0.4597221910953522 0.005531243048608303 0.0043195090256631374
10.0 0.3587968647480011 0.36429160833358765 0.005460935644805431 0.0050137839280068874
10.0 0.36125779151916504 0.34479162096977234 0.006171871908009052 0.0065973070450127125
10.0 0.362117201089859 0.27986112236976624 0.00788281112909317 0.006138907745480537
10.0 0.3704453110694885 0.2595972418785095 0.011320296674966812 0.00927776750177145
10.0 0.37476563453674316 0.1329999566078186 0.009140633046627045 0.00711101945489645
10.0 0.3903203010559082 0.20338885486125946 0.015617195516824722 0.014819462783634663
10.0 0.39033594727516174 0.05733330920338631 0.017453134059906006 0.018500009551644325
10.0 0.9925527572631836 0.9658854007720947 0.014894537627696991 0.06822914630174637
23.0 0.8906269669532776 0.46392014622688293 0.2187461107969284 0.9278402924537659
