10.0 0.006249997764825821 0.9872962832450867 0.012499995529651642 0.025407394394278526
10.0 0.002345053479075432 0.34312957525253296 0.004690106958150864 0.04337035119533539
10.0 0.007553383708000183 0.4632221758365631 0.015106767416000366 0.0328148752450943
10.0 0.010675785131752491 0.5412499904632568 0.021351570263504982 0.02489810436964035
10.0 0.014656256884336472 0.6497037410736084 0.023807287216186523 0.03021293133497238
10.0 0.016369786113500595 0.7981018424034119 0.019343756139278412 0.02231481298804283
10.0 0.015364577993750572 0.9389814734458923 0.0182291641831398 0.018342575058341026
22.0 0.050843749195337296 0.9022384285926819 0.05456769838929176 0.19552315771579742
19.0 0.05607292056083679 0.5469074249267578 0.052437495440244675 0.2085278332233429
10.0 0.45104166865348816 0.9874328970909119 0.0260416679084301 0.025134244933724403
10.0 0.43467187881469727 0.9872962832450867 0.019343756139278412 0.025407394394278526
10.0 0.5575156211853027 0.014351844787597656 0.09523960947990417 0.028703689575195312
10.0 0.48415103554725647 0.1979074478149414 0.05059373751282692 0.057888880372047424
10.0 0.4506666660308838 0.34312957525253296 0.035713545978069305 0.04337035119533539
10.0 0.4365312457084656 0.4632221758365631 0.028276048600673676 0.0328148752450943
10.0 0.4287968873977661 0.5412499904632568 0.025296885520219803 0.02489810436964035
10.0 0.4228437542915344 0.6497037410736084 0.023807287216186523 0.03021293133497238
10.0 0.4211302101612091 0.7981018424034119 0.019343756139278412 0.02231481298804283
10.0 0.4221354126930237 0.9389814734458923 0.0182291641831398 0.018342575058341026
22.0 0.386656254529953 0.9022384285926819 0.05456769838929176 0.19552315771579742
19.0 0.3814270794391632 0.5469074249267578 0.052437495440244675 0.2085278332233429
8.0 0.7177083492279053 0.4095369875431061 0.12708333134651184 0.5202963352203369
1.0 0.7151041626930237 0.2338426411151886 0.13229164481163025 0.13836118578910828
1.0 0.7333333492279053 0.6151759624481201 0.09583331644535065 0.1423611044883728
23.0 0.6416666507720947 0.5 0.27916666865348816 1.0
10.0 0.978682279586792 0.014351844787597656 0.042635418474674225 0.028703689575195312
8.0 0.8447916507720947 0.4095369875431061 0.12708333134651184 0.5202963352203369
1.0 0.8473958373069763 0.2338426411151886 0.13229164481163025 0.13836118578910828
1.0 0.8291666507720947 0.6151759624481201 0.09583331644535065 0.1423611044883728
23.0 0.890625 0.5 0.21875 1.0
