10.0 0.016015617176890373 0.780055582523346 0.0169270858168602 0.0195185337215662
10.0 0.010343750938773155 0.9004722237586975 0.013687513768672943 0.019416702911257744
10.0 0.025385411456227303 0.8022221922874451 0.0117291659116745 0.01592593640089035
10.0 0.03183333948254585 0.7371851801872253 0.011338535696268082 0.014518525451421738
10.0 0.009374997578561306 0.08805550634860992 0.018749995157122612 0.027592552825808525
10.0 0.028770828619599342 0.1764814555644989 0.016421858221292496 0.0192684605717659
10.0 0.038864582777023315 0.24186113476753235 0.012901056557893753 0.014416588470339775
10.0 0.03879687562584877 0.6746851801872253 0.010947905480861664 0.011731465347111225
10.0 0.04387500137090683 0.5768981575965881 0.010166678577661514 0.0110185407102108
10.0 0.04602604731917381 0.4688148498535156 0.00899478793144226 0.012379540130496025
10.0 0.045307282358407974 0.3244907557964325 0.009385418146848679 0.010268528945744038
10.0 0.019328128546476364 0.5064166784286499 0.02072395384311676 0.024203725159168243
10.0 0.034041669219732285 0.4178888499736786 0.015250001102685928 0.017935223877429962
10.0 0.037302080541849136 0.508731484413147 0.012901056557893753 0.015861086547374725
10.0 0.030656253919005394 0.6278148293495178 0.013687513768672943 0.016583336517214775
7.0 0.07041666656732559 0.3851296007633209 0.009005215018987656 0.009842555038630962
8.0 0.06776562333106995 0.38410186767578125 0.02232811599969864 0.013333426788449287
10.0 0.46041667461395264 0.9666111469268799 0.0260416679084301 0.03344445675611496
10.0 0.458921879529953 0.6801851391792297 0.029296863824129105 0.041481442749500275
10.0 0.4214843809604645 0.780055582523346 0.0169270858168602 0.0195185337215662
10.0 0.4271562397480011 0.9004722237586975 0.013687513768672943 0.019416702911257744
10.0 0.41211459040641785 0.8022221922874451 0.0117291659116745 0.01592593640089035
10.0 0.40566664934158325 0.7371851801872253 0.011338535696268082 0.014518525451421738
10.0 0.42891666293144226 0.08805550634860992 0.020333323627710342 0.027592552825808525
10.0 0.4087291657924652 0.1764814555644989 0.016421858221292496 0.0192684605717659
10.0 0.3986354172229767 0.24186113476753235 0.012901056557893753 0.014416588470339775
10.0 0.39870312809944153 0.6746851801872253 0.010947905480861664 0.011731465347111225
10.0 0.3936249911785126 0.5768981575965881 0.010166678577661514 0.0110185407102108
10.0 0.3914739489555359 0.4688148498535156 0.00899478793144226 0.012379540130496025
10.0 0.3921927213668823 0.3244907557964325 0.009385418146848679 0.010268528945744038
10.0 0.41817188262939453 0.5064166784286499 0.02072395384311676 0.024203725159168243
10.0 0.4034583270549774 0.4178888499736786 0.015250001102685928 0.017935223877429962
10.0 0.40019792318344116 0.508731484413147 0.012901056557893753 0.015861086547374725
10.0 0.40684375166893005 0.6278148293495178 0.013687513768672943 0.016583336517214775
7.0 0.367083340883255 0.3851296007633209 0.009005215018987656 0.009842555038630962
8.0 0.36973437666893005 0.38410186767578125 0.02232811599969864 0.013333426788449287
23.0 0.629687488079071 0.42500004172325134 0.3031249940395355 0.8500000834465027
23.0 0.890625 0.42500004172325134 0.21875 0.8500000834465027
