10.0 0.002602864056825638 0.4987221956253052 0.005205728113651276 0.03403706103563309
10.0 0.0020846277475357056 0.7437870502471924 0.004169255495071411 0.032787006348371506
10.0 0.0013033924624323845 0.9882684946060181 0.002606784924864769 0.014203707687556744
10.0 0.009718745946884155 0.8997499942779541 0.012854151427745819 0.015324062667787075
10.0 0.020557284355163574 0.8403333425521851 0.010963529348373413 0.016296280547976494
10.0 0.02380208671092987 0.868481457233429 0.008822925388813019 0.007851812988519669
22.0 0.03683333098888397 0.878157377243042 0.020083341747522354 0.04973146691918373
10.0 0.4776041805744171 0.2051851451396942 0.042708344757556915 0.06925921887159348
10.0 0.44644269347190857 0.4987221956253052 0.02829686924815178 0.03403706103563309
10.0 0.44284898042678833 0.7437870502471924 0.019036442041397095 0.032787006348371506
10.0 0.4574322998523712 0.9710555672645569 0.01903647556900978 0.02825927734375
10.0 0.4419635236263275 0.9882684946060181 0.014140639454126358 0.014203707687556744
10.0 0.42778125405311584 0.8997499942779541 0.012854151427745819 0.015324062667787075
10.0 0.4169427156448364 0.8403333425521851 0.010963529348373413 0.016296280547976494
10.0 0.41369789838790894 0.868481457233429 0.008822925388813019 0.007851812988519669
23.0 0.6317708492279053 0.4320671260356903 0.29895836114883423 0.8641342520713806
22.0 0.40066665410995483 0.878157377243042 0.020083341747522354 0.04973146691918373
23.0 0.890625 0.4320671260356903 0.21875 0.8641342520713806
