10.0 0.9973958134651184 0.11633332818746567 0.005208326503634453 0.024731529876589775
10.0 0.9942721128463745 0.07358328253030777 0.011455727741122246 0.019500097259879112
10.0 0.9923645853996277 0.03573152795433998 0.012854151427745819 0.015583250671625137
10.0 0.9885364770889282 0.05846299231052399 0.012489572167396545 0.01639811135828495
10.0 0.9984375238418579 0.7931296825408936 0.003125004470348358 0.022999975830316544
10.0 0.9945312738418579 0.8007962703704834 0.010937491431832314 0.020629670470952988
10.0 0.9932291507720947 0.872259259223938 0.01354166492819786 0.0184444859623909
10.0 0.9905989766120911 0.941537082195282 0.011411458253860474 0.011370367370545864
10.0 0.9860885143280029 0.9943125247955322 0.00967707484960556 0.0113750034943223
10.0 0.9812760353088379 0.6297962665557861 0.009427092969417572 0.008916642516851425
10.0 0.98026043176651 0.7062962651252747 0.008437491953372955 0.009629673324525356
10.0 0.9828124642372131 0.5030370354652405 0.010421890765428543 0.012444443069398403
10.0 0.9844739437103271 0.35916668176651 0.011661473661661148 0.016842523589730263
10.0 0.9858385324478149 0.24283334612846375 0.009182307869195938 0.010638978332281113
10.0 0.9865573048591614 0.15801852941513062 0.011661473661661148 0.013592613860964775
10.0 0.9808593988418579 0.03840743005275726 0.010671872645616531 0.015777800232172012
10.0 0.9820208549499512 0.13394440710544586 0.010916657745838165 0.013583289459347725
10.0 0.9808593988418579 0.29827773571014404 0.010671872645616531 0.01270378939807415
10.0 0.9803593754768372 0.43020376563072205 0.00967707484960556 0.011814753524959087
10.0 0.9802343845367432 0.5290555357933044 0.009427092969417572 0.012259270995855331
10.0 0.9782968759536743 0.6403889060020447 0.00868227705359459 0.011814858764410019
10.0 0.9784010648727417 0.7264537215232849 0.009927090257406235 0.01006486639380455
10.0 0.9966145753860474 0.22923152148723602 0.006770830601453781 0.035990819334983826
10.0 0.996874988079071 0.20245371758937836 0.006249995902180672 0.03027767688035965
10.0 0.49197396636009216 0.7550555467605591 0.058765605092048645 0.08803706616163254
10.0 0.5131666660308838 0.52867591381073 0.045541681349277496 0.059324052184820175
10.0 0.5292760133743286 0.3088241219520569 0.034156255424022675 0.0397593192756176
10.0 0.5474687218666077 0.1471666693687439 0.022770848125219345 0.026027679443359375
10.0 0.5577916502952576 0.11633332818746567 0.01983332633972168 0.024731529876589775
10.0 0.5651406049728394 0.07358328253030777 0.017630193382501602 0.019500097259879112
10.0 0.5701354146003723 0.03573152795433998 0.012854151427745819 0.015583250671625137
10.0 0.5739635229110718 0.05846299231052399 0.012489572167396545 0.01639811135828495
10.0 0.5515416860580444 0.8748795986175537 0.01983332633972168 0.028009308502078056
10.0 0.5564427375793457 0.7931296825408936 0.01836458221077919 0.022999975830316544
10.0 0.5646302103996277 0.8007962703704834 0.017614569514989853 0.020629670470952988
10.0 0.5677291750907898 0.872259259223938 0.016625002026557922 0.0184444859623909
10.0 0.5719010233879089 0.941537082195282 0.011411458253860474 0.011370367370545864
10.0 0.5764114856719971 0.9943125247955322 0.00967707484960556 0.0113750034943223
10.0 0.5812239646911621 0.6297962665557861 0.009427092969417572 0.008916642516851425
10.0 0.58223956823349 0.7062962651252747 0.008437491953372955 0.009629673324525356
10.0 0.5796875357627869 0.5030370354652405 0.010421890765428543 0.012444443069398403
10.0 0.5780260562896729 0.35916668176651 0.011661473661661148 0.016842523589730263
10.0 0.5766614675521851 0.24283334612846375 0.009182307869195938 0.010638978332281113
10.0 0.5402708649635315 0.21080558001995087 0.027791675180196762 0.026527829468250275
10.0 0.5759426951408386 0.15801852941513062 0.011661473661661148 0.013592613860964775
10.0 0.5816406011581421 0.03840743005275726 0.010671872645616531 0.015777800232172012
10.0 0.5804791450500488 0.13394440710544586 0.010916657745838165 0.013583289459347725
10.0 0.5816406011581421 0.29827773571014404 0.010671872645616531 0.01270378939807415
10.0 0.5821406245231628 0.43020376563072205 0.00967707484960556 0.011814753524959087
10.0 0.5822656154632568 0.5290555357933044 0.009427092969417572 0.012259270995855331
10.0 0.5842031240463257 0.6403889060020447 0.00868227705359459 0.011814858764410019
10.0 0.5840989351272583 0.7264537215232849 0.009927090257406235 0.01006486639380455
10.0 0.5473229289054871 0.22923152148723602 0.04389582574367523 0.035990819334983826
10.0 0.5473541617393494 0.20245371758937836 0.042791660875082016 0.03027767688035965
23.0 0.35885417461395264 0.5 0.28020837903022766 1.0
23.0 0.109375 0.5 0.21875 1.0
