10.0 0.9890637993812561 0.9814167022705078 0.02187238819897175 0.02606482058763504
10.0 0.984375 0.7710925936698914 0.020833320915699005 0.02447223663330078
10.0 0.9797760248184204 0.5200462937355042 0.019963547587394714 0.0228703822940588
10.0 0.9748281240463257 0.3228425979614258 0.01735939085483551 0.022823968902230263
10.0 0.973786473274231 0.14123143255710602 0.01735939085483551 0.021240659058094025
10.0 0.9702239632606506 0.021648194640874863 0.016494780778884888 0.019666671752929688
10.0 0.965973973274231 0.006018479820340872 0.01735939085483551 0.012036959640681744
10.0 0.9830729365348816 0.9997684955596924 0.0182291641831398 0.00046298239612951875
10.0 0.973786473274231 0.5658704042434692 0.01735939085483551 0.018259260803461075
10.0 0.9711822867393494 0.37994447350502014 0.01735939085483551 0.01974995993077755
10.0 0.970661461353302 0.23442596197128296 0.01735939085483551 0.018175972625613213
10.0 0.5180052518844604 0.5066018104553223 0.04836457222700119 0.07382408529520035
10.0 0.5250729322433472 0.8635647892951965 0.04464060813188553 0.05804634094238281
10.0 0.573088526725769 0.9814167022705078 0.02256770431995392 0.02606482058763504
10.0 0.578125 0.7710925936698914 0.020833320915699005 0.02447223663330078
10.0 0.5827239751815796 0.5200462937355042 0.019963547587394714 0.0228703822940588
10.0 0.5876718759536743 0.3228425979614258 0.01735939085483551 0.022823968902230263
10.0 0.588713526725769 0.14123143255710602 0.01735939085483551 0.021240659058094025
10.0 0.5922760367393494 0.021648194640874863 0.016494780778884888 0.019666671752929688
10.0 0.596526026725769 0.006018479820340872 0.01735939085483551 0.012036959640681744
10.0 0.5794270634651184 0.9997684955596924 0.0182291641831398 0.00046298239612951875
10.0 0.588713526725769 0.5658704042434692 0.01735939085483551 0.018259260803461075
10.0 0.5913177132606506 0.37994447350502014 0.01735939085483551 0.01974995993077755
10.0 0.591838538646698 0.23442596197128296 0.01735939085483551 0.018175972625613213
23.0 0.3578125238418579 0.5 0.27812501788139343 1.0
23.0 0.109375 0.5 0.21875 1.0
