3.0 0.339121550321579 0.9364374876022339 0.678243100643158 0.12712502479553223
5.0 0.9095647931098938 0.9744817614555359 0.08364815264940262 0.03654687479138374
6.0 0.8690463304519653 0.9950299263000488 0.04894447326660156 0.009940095245838165
8.0 0.7911574244499207 0.9774531126022339 0.32972684502601624 0.04509374499320984
3.0 0.339121550321579 0.48575523495674133 0.678243100643158 0.4077395796775818
7.0 0.8892222046852112 0.495138019323349 0.1289582997560501 0.1181432455778122
7.0 0.44947221875190735 0.4654557406902313 0.27235180139541626 0.10459113121032715
2.0 0.6506157517433167 0.4769947826862335 0.07839817553758621 0.06067706644535065
5.0 0.9095647931098938 0.5880182385444641 0.08364815264940262 0.03654687479138374
6.0 0.8690463304519653 0.563143253326416 0.04894447326660156 0.018593743443489075
8.0 0.7911574244499207 0.5170885324478149 0.32972684502601624 0.181010439991951
8.0 0.34490856528282166 0.4797760546207428 0.6898171305656433 0.13844791054725647
3.0 0.339121550321579 0.07780727744102478 0.678243100643158 0.15561455488204956
7.0 0.8892222046852112 0.0007168017327785492 0.1289582997560501 0.0014336034655570984
7.0 0.44947221875190735 0.012169918045401573 0.27235180139541626 0.024339836090803146
8.0 0.7911574244499207 0.0054583437740802765 0.32972684502601624 0.010916687548160553
8.0 0.34490856528282166 0.013473957777023315 0.6898171305656433 0.02694791555404663
