3.0 0.4212951064109802 0.9392805695533752 0.8425902128219604 0.12143880128860474
2.0 0.760185182094574 0.798828125 0.09166664630174637 0.03515625
6.0 0.7383009195327759 0.821164071559906 0.04423607885837555 0.015546873211860657
11.0 0.5559582710266113 0.806265652179718 0.26539817452430725 0.04955468699336052
8.0 0.4811202883720398 0.8724505305290222 0.6558148860931396 0.18239843845367432
8.0 0.8465278148651123 0.937619149684906 0.30694442987442017 0.12476170808076859
3.0 0.4212951064109802 0.5409661531448364 0.8425902128219604 0.2859452962875366
2.0 0.760185182094574 0.763671875 0.09166664630174637 0.03515625
6.0 0.7383009195327759 0.741335928440094 0.04423607885837555 0.015546873211860657
11.0 0.5559582710266113 0.756234347820282 0.26539817452430725 0.04955468699336052
8.0 0.4811202883720398 0.6900494694709778 0.6558148860931396 0.18239843845367432
8.0 0.8465278148651123 0.5967057347297668 0.30694442987442017 0.18111197650432587
3.0 0.4212951064109802 0.019753243774175644 0.8425902128219604 0.03950648754835129
