4.0 0.05942593514919281 0.8766145706176758 0.06097221374511719 0.017067700624465942
5.0 0.018064817413687706 0.8510051965713501 0.03612963482737541 0.03486458584666252
7.0 0.13790740072727203 0.9177239537239075 0.19017590582370758 0.05892188102006912
8.0 0.23838193714618683 0.8975520730018616 0.47676387429237366 0.13055728375911713
8.0 0.2395833283662796 0.9617096185684204 0.4791666567325592 0.0765807181596756
3.0 0.5385786890983582 0.9230625033378601 0.9228426218032837 0.15387500822544098
4.0 0.05942593514919281 0.6858854293823242 0.06097221374511719 0.017067700624465942
5.0 0.018064817413687706 0.7114948034286499 0.03612963482737541 0.03486458584666252
7.0 0.13790740072727203 0.6447760462760925 0.19017590582370758 0.05892188102006912
8.0 0.23838193714618683 0.6649479269981384 0.47676387429237366 0.13055728375911713
8.0 0.2395833283662796 0.5247083306312561 0.4791666567325592 0.22874478995800018
3.0 0.5385786890983582 0.5033906102180481 0.9228426218032837 0.4259687662124634
8.0 0.2395833283662796 0.013582034036517143 0.4791666567325592 0.027164068073034286
3.0 0.5385786890983582 0.0735468715429306 0.9228426218032837 0.1470937430858612
