2.0 0.46546292304992676 0.8781354427337646 0.07444439828395844 0.03395834192633629
5.0 0.25131478905677795 0.9045521020889282 0.03965738043189049 0.03210937976837158
7.0 0.36295372247695923 0.8779635429382324 0.15646298229694366 0.03882291167974472
3.0 0.6296272873878479 0.9084427356719971 0.7407453656196594 0.18311457335948944
6.0 0.2851296663284302 0.9059687256813049 0.023972192779183388 0.01616666279733181
8.0 0.428462952375412 0.8754218816757202 0.39396291971206665 0.10784374922513962
8.0 0.1939583420753479 0.9923463463783264 0.3879166841506958 0.015307296067476273
2.0 0.46546292304992676 0.6843645572662354 0.07444439828395844 0.03395834192633629
5.0 0.25131478905677795 0.6579478979110718 0.03965738043189049 0.03210937976837158
7.0 0.36295372247695923 0.6845364570617676 0.15646298229694366 0.03882291167974472
7.0 0.04328009858727455 0.511145830154419 0.0865601971745491 0.0809166431427002
3.0 0.6296272873878479 0.5502499938011169 0.7407453656196594 0.390729159116745
6.0 0.2851296663284302 0.6565312743186951 0.023972192779183388 0.01616666279733181
8.0 0.428462952375412 0.6870781183242798 0.39396291971206665 0.10784374922513962
8.0 0.1939583420753479 0.5162864327430725 0.3879166841506958 0.12304167449474335
3.0 0.6296272873878479 0.04130729287862778 0.7407453656196594 0.08261458575725555
