3.0 0.5532314777374268 0.9129986763000488 0.8194259405136108 0.17400260269641876
7.0 0.04783911257982254 0.9643124938011169 0.09567822515964508 0.07137500494718552
8.0 0.2003275603055954 0.9496640563011169 0.4006551206111908 0.10067186504602432
3.0 0.5532314777374268 0.5849375128746033 0.8194259405136108 0.30313020944595337
6.0 0.27041202783584595 0.38925522565841675 0.0408240407705307 0.02119790017604828
7.0 0.04783911257982254 0.5757526159286499 0.09567822515964508 0.11624479293823242
7.0 0.4027453660964966 0.3698359429836273 0.2198379784822464 0.07495573908090591
2.0 0.22316667437553406 0.3656848967075348 0.08290280401706696 0.06242445856332779
8.0 0.2003275603055954 0.5617005228996277 0.4006551206111908 0.20294272899627686
8.0 0.5125972032546997 0.421127587556839 0.6687130331993103 0.18981772661209106
3.0 0.5532314777374268 0.002063807100057602 0.8194259405136108 0.004127614200115204
6.0 0.27041202783584595 0.048244789242744446 0.0408240407705307 0.02119790017604828
7.0 0.4027453660964966 0.06766404956579208 0.2198379784822464 0.07495573908090591
2.0 0.22316667437553406 0.07181510329246521 0.08290280401706696 0.06242445856332779
8.0 0.5125972032546997 0.055640630424022675 0.6687130331993103 0.11128126084804535
