7.0 0.5268332958221436 0.9592233300209045 0.3268148601055145 0.0815533846616745
2.0 0.25474071502685547 0.9820104241371155 0.08818987011909485 0.03597916662693024
8.0 0.6053240299224854 0.952712893486023 0.7893518805503845 0.0945742130279541
7.0 0.5268332958221436 0.5894765853881836 0.3268148601055145 0.1091536357998848
7.0 0.024042831733822823 0.4603724181652069 0.048085663467645645 0.09132029861211777
6.0 0.33827775716781616 0.5373775959014893 0.04230096563696861 0.012828134000301361
2.0 0.25474071502685547 0.5598020553588867 0.08818987011909485 0.07735417038202286
8.0 0.19011227786540985 0.4545833170413971 0.3802245557308197 0.16279426217079163
8.0 0.6053240299224854 0.5597317814826965 0.7893518805503845 0.19468489289283752
7.0 0.024042831733822823 0.011393871158361435 0.048085663467645645 0.02278774231672287
8.0 0.19011227786540985 0.03215689957141876 0.3802245557308197 0.06431379914283752
