7.0 0.47316667437553406 0.9592233300209045 0.3268148601055145 0.0815533846616745
2.0 0.7452592849731445 0.9820104241371155 0.08818987011909485 0.03597916662693024
8.0 0.39467594027519226 0.952712893486023 0.7893518805503845 0.0945742130279541
7.0 0.47316667437553406 0.5894765853881836 0.3268148601055145 0.1091536357998848
7.0 0.9759571552276611 0.4603724181652069 0.048085663467645645 0.09132029861211777
6.0 0.6617222428321838 0.5373775959014893 0.04230096563696861 0.012828134000301361
2.0 0.7452592849731445 0.5598020553588867 0.08818987011909485 0.07735417038202286
8.0 0.809887707233429 0.4545833170413971 0.3802245557308197 0.16279426217079163
8.0 0.39467594027519226 0.5597317814826965 0.7893518805503845 0.19468489289283752
7.0 0.9759571552276611 0.011393871158361435 0.048085663467645645 0.02278774231672287
8.0 0.809887707233429 0.03215689957141876 0.3802245557308197 0.06431379914283752
