24.0 0.043359383940696716 0.5 0.08671876788139343 1.0
5.0 0.04796094447374344 0.6876805424690247 0.008250005543231964 0.01856941729784012
6.0 0.04218750447034836 0.6811110973358154 0.00417187437415123 0.013194401748478413
7.0 0.02721875160932541 0.6825416684150696 0.02195310965180397 0.03193060681223869
8.0 0.03176563233137131 0.6768749952316284 0.04063281789422035 0.043263860046863556
24.0 0.5113281011581421 0.5 0.32109373807907104 1.0
5.0 0.38953906297683716 0.6876805424690247 0.008250005543231964 0.01856941729784012
6.0 0.39531248807907104 0.6811110973358154 0.00417187437415123 0.013194401748478413
7.0 0.410281240940094 0.6825416684150696 0.02195310965180397 0.03193060681223869
8.0 0.4057343602180481 0.6768749952316284 0.04063281789422035 0.043263860046863556
24.0 0.9453125 0.5 0.1093749850988388 1.0
