13.0 0.9255555272102356 0.503333330154419 0.14888890087604523 0.8000000715255737
13.0 0.5122222304344177 0.503333330154419 0.6066666841506958 0.8000000715255737
8.0 0.3696000277996063 0.9957083463668823 0.08162220567464828 0.008583322167396545
10.0 0.21633334457874298 0.8727999925613403 0.09235557168722153 0.10363331437110901
11.0 0.5340666770935059 0.2091332972049713 0.026688894256949425 0.05426663160324097
8.0 0.5376444458961487 0.20803332328796387 0.037311118096113205 0.09646672010421753
11.0 0.5320444703102112 0.54830002784729 0.03222222998738289 0.06926670670509338
8.0 0.5404222011566162 0.5455666780471802 0.04955554008483887 0.06806668639183044
13.0 0.06222222372889519 0.503333330154419 0.12444444745779037 0.8000000715255737
8.0 0.0022722084540873766 0.9957083463668823 0.004544416908174753 0.008583322167396545
10.0 0.11699998378753662 0.8727999925613403 0.09235557168722153 0.10363331437110901
