13.0 0.9605468511581421 0.918055534362793 0.061718735843896866 0.1638888716697693
13.0 0.9644531011581421 0.6076388359069824 0.07109373807907104 0.34861114621162415
24.0 0.924609363079071 0.5 0.15078124403953552 1.0
5.0 0.9618203043937683 0.6065971851348877 0.008156262338161469 0.020722176879644394
6.0 0.971875011920929 0.6030972003936768 0.006960935890674591 0.01763884164392948
8.0 0.978158175945282 0.5885972380638123 0.04368359223008156 0.05923610180616379
7.0 0.9883046746253967 0.6004166603088379 0.022781241685152054 0.022986093536019325
13.0 0.6019531488418579 0.918055534362793 0.061718735843896866 0.1638888716697693
13.0 0.5824218988418579 0.6076388359069824 0.10234373807907104 0.34861114621162415
24.0 0.5015624761581421 0.5 0.4234374761581421 1.0
5.0 0.6006796956062317 0.6065971851348877 0.008156262338161469 0.020722176879644394
6.0 0.590624988079071 0.6030972003936768 0.006960935890674591 0.01763884164392948
8.0 0.5781015753746033 0.5885972380638123 0.05616404861211777 0.05923610180616379
7.0 0.5741953253746033 0.6004166603088379 0.022781241685152054 0.022986093536019325
24.0 0.07382811605930328 0.5 0.14765623211860657 1.0
