24.0 0.9566406011581421 0.5 0.08671876788139343 1.0
5.0 0.9520390629768372 0.6876805424690247 0.008250005543231964 0.01856941729784012
6.0 0.957812488079071 0.6811110973358154 0.00417187437415123 0.013194401748478413
7.0 0.972781240940094 0.6825416684150696 0.02195310965180397 0.03193060681223869
8.0 0.9682343602180481 0.6768749952316284 0.04063281789422035 0.043263860046863556
24.0 0.4886718988418579 0.5 0.32109373807907104 1.0
5.0 0.6104609370231628 0.6876805424690247 0.008250005543231964 0.01856941729784012
6.0 0.604687511920929 0.6811110973358154 0.00417187437415123 0.013194401748478413
7.0 0.589718759059906 0.6825416684150696 0.02195310965180397 0.03193060681223869
8.0 0.5942656397819519 0.6768749952316284 0.04063281789422035 0.043263860046863556
24.0 0.0546874925494194 0.5 0.1093749850988388 1.0
