24.0 0.9453027248382568 0.6026111245155334 0.10939452052116394 0.5740000605583191
7.0 0.9383203387260437 0.5236250162124634 0.011585935950279236 0.02000003308057785
5.0 0.9269140958786011 0.5215555429458618 0.005812514573335648 0.016569456085562706
8.0 0.9346015453338623 0.5289861559867859 0.022617191076278687 0.04212496057152748
24.0 0.5882343649864197 0.6026111245155334 0.16732031106948853 0.5740000605583191
13.0 0.3921875059604645 0.5284722447395325 0.2984375059604645 0.8819444179534912
7.0 0.6241796612739563 0.5236250162124634 0.011585935950279236 0.02000003308057785
5.0 0.6355859041213989 0.5215555429458618 0.005812514573335648 0.016569456085562706
8.0 0.6278984546661377 0.5289861559867859 0.022617191076278687 0.04212496057152748
13.0 0.09726563096046448 0.5284722447395325 0.19453126192092896 0.8819444179534912
