13.0 0.6725490093231201 0.18970586359500885 0.16862742602825165 0.3794117271900177
24.0 0.633784294128418 0.5426470637321472 0.09560783952474594 0.3165881931781769
2.0 0.5067451000213623 0.9007940888404846 0.006137291435152292 0.008382350206375122
11.0 0.5186274647712708 0.9042646884918213 0.013980388641357422 0.01064707338809967
11.0 0.6737254858016968 0.7462646961212158 0.025156894698739052 0.021499961614608765
8.0 0.5167647004127502 0.904411792755127 0.022843122482299805 0.016705870628356934
8.0 0.670941174030304 0.7469412088394165 0.04358823969960213 0.030441194772720337
2.0 0.6535294055938721 0.7450293898582458 0.007588227745145559 0.014647096395492554
13.0 0.9549019932746887 0.18970586359500885 0.09019605070352554 0.3794117271900177
24.0 0.9925392270088196 0.5426470637321472 0.01492154598236084 0.3165881931781769
11.0 0.9901813864707947 0.7462646961212158 0.01963726617395878 0.021499961614608765
8.0 0.9869656562805176 0.7469412088394165 0.02606864832341671 0.030441194772720337
