13.0 0.948046863079071 0.9624999761581421 0.07265624403953552 0.07500001788139343
24.0 0.890625 0.5 0.21875 1.0
13.0 0.9761718511581421 0.09305556863546371 0.04765624552965164 0.18611113727092743
7.0 0.9877207279205322 0.7287638783454895 0.024558603763580322 0.037041664123535156
5.0 0.9615468978881836 0.7342361211776733 0.0077265724539756775 0.021402783691883087
8.0 0.9785175919532776 0.7244861125946045 0.04296484589576721 0.052499983459711075
13.0 0.9699140787124634 0.41209715604782104 0.04659375920891762 0.22125005722045898
13.0 0.614453136920929 0.9624999761581421 0.07265624403953552 0.07500001788139343
24.0 0.5394531488418579 0.5 0.48359373211860657 1.0
13.0 0.49531251192092896 0.09305556863546371 0.22968748211860657 0.18611113727092743
7.0 0.5730624794960022 0.7287638783454895 0.02799220383167267 0.037041664123535156
5.0 0.6009531021118164 0.7342361211776733 0.0077265724539756775 0.021402783691883087
8.0 0.5815781354904175 0.7244861125946045 0.04777342826128006 0.052499983459711075
13.0 0.5925859212875366 0.41209715604782104 0.04659375920891762 0.22125005722045898
24.0 0.06992186605930328 0.5 0.13984373211860657 1.0
13.0 0.028515618294477463 0.09305556863546371 0.057031236588954926 0.18611113727092743
