24.0 0.05469726026058197 0.6026111245155334 0.10939452052116394 0.5740000605583191
7.0 0.06167968735098839 0.5236250162124634 0.011585935950279236 0.02000003308057785
5.0 0.07308593392372131 0.5215555429458618 0.005812514573335648 0.016569456085562706
8.0 0.0653984397649765 0.5289861559867859 0.022617191076278687 0.04212496057152748
24.0 0.4117656350135803 0.6026111245155334 0.16732031106948853 0.5740000605583191
13.0 0.6078125238418579 0.5284722447395325 0.2984375059604645 0.8819444179534912
7.0 0.3758203089237213 0.5236250162124634 0.011585935950279236 0.02000003308057785
5.0 0.3644140660762787 0.5215555429458618 0.005812514573335648 0.016569456085562706
8.0 0.3721015751361847 0.5289861559867859 0.022617191076278687 0.04212496057152748
13.0 0.9027343988418579 0.5284722447395325 0.19453126192092896 0.8819444179534912
