24.0 0.076171875 0.5 0.15234375 1.0
13.0 0.020703114569187164 0.15208333730697632 0.04140622913837433 0.30416667461395264
7.0 0.018914062529802322 0.5776388645172119 0.029132813215255737 0.05755551531910896
5.0 0.046242184937000275 0.5829444527626038 0.012437503784894943 0.027097173035144806
8.0 0.028117191046476364 0.5756944417953491 0.050914060324430466 0.06938891857862473
24.0 0.5074218511581421 0.5 0.44453123211860657 1.0
13.0 0.510937511920929 0.15208333730697632 0.22968748211860657 0.30416667461395264
7.0 0.4185859262943268 0.5776388645172119 0.029132813215255737 0.05755551531910896
5.0 0.3912578225135803 0.5829444527626038 0.012437503784894943 0.027097173035144806
8.0 0.40938282012939453 0.5756944417953491 0.050914060324430466 0.06938891857862473
24.0 0.9164062738418579 0.5 0.16718748211860657 1.0
13.0 0.9683593511581421 0.15208333730697632 0.06328125298023224 0.30416667461395264
