13.0 0.986328125 0.7895833253860474 0.027343742549419403 0.2986111044883728
13.0 0.996874988079071 0.17569440603256226 0.006250012665987015 0.3513888120651245
24.0 0.9527343511581421 0.5 0.09453126788139343 1.0
5.0 0.9978671669960022 0.6928333044052124 0.00426563061773777 0.01998615264892578
8.0 0.9975156188011169 0.6828333735466003 0.004968754947185516 0.05008337274193764
13.0 0.541015625 0.7895833253860474 0.09765625 0.2986111044883728
13.0 0.47343751788139343 0.17569440603256226 0.19062499701976776 0.3513888120651245
24.0 0.4683593809604645 0.5 0.3773437738418579 1.0
6.0 0.5540781021118164 0.6866527795791626 0.005484379827976227 0.012125015258789062
5.0 0.562375009059906 0.6928333044052124 0.008781250566244125 0.01998615264892578
7.0 0.5424140691757202 0.6930833458900452 0.0188593827188015 0.024527762085199356
8.0 0.5453827977180481 0.6828333735466003 0.04417189210653305 0.05008337274193764
13.0 0.029687492176890373 0.17569440603256226 0.059374984353780746 0.3513888120651245
24.0 0.07890624552965164 0.5 0.15781249105930328 1.0
