24.0 0.939453125 0.6027777791023254 0.12109375 0.5944445133209229
13.0 0.9957031011581421 0.5333333015441895 0.008593743667006493 0.8111112117767334
7.0 0.9280781149864197 0.4893888831138611 0.012406256049871445 0.015722274780273438
5.0 0.9177031517028809 0.48801389336586 0.0036015696823596954 0.010319392196834087
8.0 0.9261093735694885 0.4897916615009308 0.021335933357477188 0.029611162841320038
24.0 0.592968761920929 0.6027777791023254 0.18125000596046448 0.5944445133209229
13.0 0.4214843511581421 0.5333333015441895 0.2992187738418579 0.8111112117767334
7.0 0.6344218850135803 0.4893888831138611 0.012406256049871445 0.015722274780273438
5.0 0.6447968482971191 0.48801389336586 0.0036015696823596954 0.010319392196834087
8.0 0.6363906264305115 0.4897916615009308 0.021335933357477188 0.029611162841320038
13.0 0.08281251788139343 0.5333333015441895 0.16562503576278687 0.8111112117767334
