13.0 0.051169924437999725 0.2527812421321869 0.10233984887599945 0.5055624842643738
24.0 0.061943359673023224 0.5 0.12388671934604645 1.0
7.0 0.06103124842047691 0.7710694074630737 0.017687492072582245 0.024902768433094025
6.0 0.07735937833786011 0.7664305567741394 0.0059843771159648895 0.014041688293218613
5.0 0.08612500131130219 0.7737083435058594 0.00743749737739563 0.02130550891160965
8.0 0.0669843778014183 0.7590555548667908 0.04683592915534973 0.05855560302734375
13.0 0.4200078248977661 0.2527812421321869 0.16969531774520874 0.5055624842643738
24.0 0.4886093735694885 0.5 0.34999221563339233 1.0
7.0 0.3764687478542328 0.7710694074630737 0.017687492072582245 0.024902768433094025
6.0 0.3601406216621399 0.7664305567741394 0.0059843771159648895 0.014041688293218613
5.0 0.351375013589859 0.7737083435058594 0.00743749737739563 0.02130550891160965
8.0 0.3705156147480011 0.7590555548667908 0.04683592915534973 0.05855560302734375
24.0 0.9494472742080688 0.5 0.10110549628734589 1.0
