24.0 0.921875 0.5 0.15625 1.0
13.0 0.994921863079071 0.15486113727092743 0.010156231001019478 0.30972227454185486
5.0 0.9862655997276306 0.6892083287239075 0.007148422300815582 0.018986066803336143
6.0 0.9961796998977661 0.6822639107704163 0.005382824689149857 0.009902741760015488
7.0 0.9986972808837891 0.6885139346122742 0.002605477347970009 0.025180604308843613
8.0 0.9911015629768372 0.6735555529594421 0.017796872183680534 0.0566389299929142
24.0 0.498046875 0.5 0.44140625 1.0
13.0 0.48124998807907104 0.15486113727092743 0.18281248211860657 0.30972227454185486
5.0 0.5762344002723694 0.6892083287239075 0.007148422300815582 0.018986066803336143
6.0 0.5663203001022339 0.6822639107704163 0.005382824689149857 0.009902741760015488
7.0 0.5547968745231628 0.6885139346122742 0.020617201924324036 0.025180604308843613
8.0 0.5545547008514404 0.6735555529594421 0.051484365016222 0.0566389299929142
24.0 0.0800781175494194 0.5 0.1601562350988388 1.0
13.0 0.02382812276482582 0.15486113727092743 0.04765624552965164 0.30972227454185486
