24.0 0.931640625 0.5750000476837158 0.13671875 0.8499999642372131
8.0 0.928906261920929 0.5864444375038147 0.01766405627131462 0.03144444525241852
5.0 0.9044609069824219 0.6885972023010254 0.004835939034819603 0.0109028285369277
7.0 0.9269843697547913 0.6935555934906006 0.027054697275161743 0.026638878509402275
8.0 0.9214375019073486 0.7022500038146973 0.04118749871850014 0.04343054071068764
24.0 0.548828125 0.5750000476837158 0.30078125 0.8499999642372131
8.0 0.633593738079071 0.5864444375038147 0.01766405627131462 0.03144444525241852
5.0 0.6580390930175781 0.6885972023010254 0.004835939034819603 0.0109028285369277
7.0 0.6355156302452087 0.6935555934906006 0.027054697275161743 0.026638878509402275
8.0 0.6410624980926514 0.7022500038146973 0.04118749871850014 0.04343054071068764
24.0 0.019531257450580597 0.5750000476837158 0.039062514901161194 0.8499999642372131
