10.0 0.021093744784593582 0.7250000238418579 0.042187489569187164 0.3861110508441925
5.0 0.0055820271372795105 0.40484723448753357 0.011164054274559021 0.23250001668930054
8.0 0.021763676777482033 0.5017638802528381 0.043527353554964066 0.8243749141693115
10.0 0.5503906011581421 0.7250000238418579 0.3101562261581421 0.3861110508441925
5.0 0.4604218900203705 0.40484723448753357 0.06817185878753662 0.23250001668930054
6.0 0.5863047242164612 0.40183332562446594 0.05429689586162567 0.16313892602920532
7.0 0.697265625 0.43125003576278687 0.1679687798023224 0.39861106872558594
8.0 0.5876093506813049 0.5017638802528381 0.3872734308242798 0.8243749141693115
10.0 0.928515613079071 0.7250000238418579 0.14296874403953552 0.3861110508441925
6.0 0.9745234251022339 0.40183332562446594 0.05095314979553223 0.16313892602920532
7.0 0.865234375 0.43125003576278687 0.1679687798023224 0.39861106872558594
8.0 0.8906269669532776 0.5017638802528381 0.21874608099460602 0.8243749141693115
