0.0 0.0793333351612091 0.2059999704360962 0.1586666703224182 0.4119999408721924
5.0 0.10971999913454056 0.004665002226829529 0.009666661731898785 0.009330004453659058
6.0 0.08718666434288025 0.00284498929977417 0.011093338020145893 0.00568997859954834
8.0 0.05908999964594841 0.02012002468109131 0.11817999929189682 0.04024004936218262
0.0 0.30666667222976685 0.2059999704360962 0.2639999985694885 0.4119999408721924
5.0 0.3429200053215027 0.6857199668884277 0.013120015151798725 0.03266000747680664
6.0 0.3598800003528595 0.6738599538803101 0.010666648857295513 0.016400009393692017
7.0 0.4031733274459839 0.6974999904632568 0.06816001981496811 0.052779972553253174
8.0 0.40649333596229553 0.686460018157959 0.14023999869823456 0.07482004165649414
5.0 0.22361333668231964 0.004665002226829529 0.009666661731898785 0.009330004453659058
6.0 0.24614666402339935 0.00284498929977417 0.011093338020145893 0.00568997859954834
8.0 0.28298667073249817 0.02012002468109131 0.13566666841506958 0.04024004936218262
