0.0 0.06633291393518448 0.08922135829925537 0.13266582787036896 0.17844271659851074
0.0 0.020184598863124847 0.46915575861930847 0.040369197726249695 0.1041838601231575
2.0 0.09224029630422592 0.17716696858406067 0.00450563058257103 0.008086270652711391
11.0 0.08612015098333359 0.16857406497001648 0.010488105937838554 0.013189466670155525
8.0 0.08752190321683884 0.1715197116136551 0.01571965403854847 0.018029971048235893
0.0 0.29849812388420105 0.08922135829925537 0.19649560749530792 0.17844271659851074
0.0 0.47132664918899536 0.8921247720718384 0.11135166883468628 0.21575044095516205
0.0 0.4806007444858551 0.17917445302009583 0.2152690887451172 0.35834890604019165
0.0 0.5137671828269958 0.5994371175765991 0.12891113758087158 0.4071294069290161
0.0 0.3707634508609772 0.46915575861930847 0.15643303096294403 0.1041838601231575
11.0 0.4720275402069092 0.5206566452980042 0.014856052584946156 0.016622869297862053
8.0 0.4714643359184265 0.5230018496513367 0.0182102769613266 0.02131335251033306
2.0 0.4655819833278656 0.5285741090774536 0.0055319094099104404 0.007485920563340187
2.0 0.5868085026741028 0.37305814027786255 0.008410547859966755 0.01564733497798443
6.0 0.5938172340393066 0.371106892824173 0.004968730732798576 0.009268205612897873
11.0 0.5994868874549866 0.36393997073173523 0.01499374583363533 0.028536582365632057
8.0 0.5941426753997803 0.36393997073173523 0.02306632325053215 0.03121943585574627
11.0 0.5110512971878052 0.010694156400859356 0.012440514750778675 0.020750531926751137
2.0 0.5008885860443115 0.01598498970270157 0.004630779381841421 0.011500909924507141
8.0 0.51596999168396 0.018893098458647728 0.03658323362469673 0.036491505801677704
2.0 0.24067585170269012 0.17716696858406067 0.00450563058257103 0.008086270652711391
11.0 0.24679599702358246 0.16857406497001648 0.010488105937838554 0.013189466670155525
8.0 0.2453942447900772 0.1715197116136551 0.01571965403854847 0.018029971048235893
9.0 0.6338298320770264 0.1241040974855423 0.10246557742357254 0.2482081949710846
9.0 0.6349311470985413 0.2813883423805237 0.08142676204442978 0.11457788944244385
17.0 0.6567834615707397 0.3766791820526123 0.10277849435806274 0.23891185224056244
9.0 0.6082352995872498 0.4788930416107178 0.026232752948999405 0.12427766621112823
17.0 0.652290403842926 0.5564915537834167 0.10182724893093109 0.20223265886306763
17.0 0.6575219035148621 0.7152157425880432 0.07922406494617462 0.18097564578056335
22.0 0.6264204978942871 0.8146529197692871 0.10372966527938843 0.23405250906944275
17.0 0.6710888147354126 0.9471012949943542 0.0822153091430664 0.10579736530780792
13.0 0.6282853484153748 0.9390243887901306 0.11013767868280411 0.12195122987031937
13.0 0.5703880190849304 0.41814255714416504 0.07391736656427383 0.37174487113952637
2.0 0.4462703466415405 0.6745591163635254 0.004680858924984932 0.008405253291130066
2.0 0.4456070065498352 0.6606191396713257 0.003829768393188715 0.008667945861816406
2.0 0.4450187683105469 0.6854596734046936 0.004067580681294203 0.009981227107346058
2.0 0.4551314115524292 0.7084802985191345 0.004931156057864428 0.009249531663954258
11.0 0.46168962121009827 0.7077111005783081 0.007196476683020592 0.017148254439234734
11.0 0.45495620369911194 0.6867167353630066 0.012615782208740711 0.016660397872328758
11.0 0.45234042406082153 0.6751970052719116 0.005494374781847 0.005703545641154051
11.0 0.45146432518959045 0.6606191396713257 0.0060951285995543 0.01290810015052557
8.0 0.44939926266670227 0.6614258885383606 0.011414275504648685 0.014821731485426426
8.0 0.44951188564300537 0.6747466921806335 0.011652047745883465 0.009437168948352337
8.0 0.45246559381484985 0.6876922845840454 0.01942426711320877 0.016810506582260132
8.0 0.45956194400787354 0.7077485918998718 0.014730923809111118 0.01778613030910492
9.0 0.9910106062889099 0.1241040974855423 0.017978737130761147 0.2482081949710846
9.0 0.9957196712493896 0.2813883423805237 0.00856067705899477 0.11457788944244385
17.0 0.9794555902481079 0.3766791820526123 0.04108887538313866 0.23891185224056244
17.0 0.9819399118423462 0.5564915537834167 0.03612014651298523 0.20223265886306763
17.0 0.9849749803543091 0.7152157425880432 0.030050067231059074 0.18097564578056335
22.0 0.9943992495536804 0.8146529197692871 0.01120150275528431 0.23405250906944275
17.0 0.9774436950683594 0.9471012949943542 0.04511263966560364 0.10579736530780792
13.0 0.991864800453186 0.9390243887901306 0.0162703525274992 0.12195122987031937
