0.0 0.5895999670028687 0.7272999882698059 0.26580002903938293 0.4120500087738037
10.0 0.4943374991416931 0.001374999643303454 0.0441250205039978 0.002749999286606908
10.0 0.45329999923706055 0.1880333423614502 0.07466250658035278 0.04816659167408943
10.0 0.49935001134872437 0.19918330013751984 0.04349997639656067 0.025883356109261513
10.0 0.5050250291824341 0.33869996666908264 0.04620002210140228 0.0301666259765625
10.0 0.5062625408172607 0.44786667823791504 0.042174987494945526 0.03060007095336914
7.0 0.4887875020503998 0.2435166835784912 0.03803747892379761 0.041366737335920334
5.0 0.5227500200271606 0.24918334186077118 0.015437498688697815 0.021700063720345497
8.0 0.4889500141143799 0.25081667304039 0.08772502094507217 0.07883325964212418
10.0 0.3630499839782715 0.807116687297821 0.14110001921653748 0.09333332628011703
10.0 0.3793250024318695 0.8750500082969666 0.1272750198841095 0.07621666043996811
10.0 0.40552499890327454 0.9259499907493591 0.10615003108978271 0.07439998537302017
10.0 0.4401249885559082 0.9314666390419006 0.09788748621940613 0.06965001672506332
10.0 0.5049750208854675 0.9141666889190674 0.04628750681877136 0.03340001776814461
10.0 0.5001000165939331 0.9532999992370605 0.04823749512434006 0.03220001980662346
10.0 0.4945249855518341 0.9954208135604858 0.04218748211860657 0.009158332832157612
10.0 0.43937501311302185 0.9833499789237976 0.08219996094703674 0.0333000011742115
10.0 0.4615499973297119 0.9998833537101746 0.07376253604888916 0.00023333232093136758
17.0 0.5580999851226807 0.9927708506584167 0.01746252179145813 0.014458338730037212
17.0 0.5543249845504761 0.9042166471481323 0.02500002086162567 0.050066668540239334
20.0 0.5595375299453735 0.965316653251648 0.02611251175403595 0.04196667671203613
20.0 0.5446875095367432 0.813450038433075 0.03753751516342163 0.05981667712330818
20.0 0.5449749827384949 0.7889500260353088 0.04756249487400055 0.08701666444540024
3.0 0.4663749933242798 0.6137999892234802 0.10725000500679016 0.07116667181253433
