18.0 0.9428125023841858 0.20415812730789185 0.05847655609250069 0.1270131766796112
20.0 0.9657323956489563 0.413997083902359 0.016416018828749657 0.14364565908908844
9.0 0.9606249928474426 0.8943484425544739 0.016962898895144463 0.10387995839118958
0.0 0.4736328125 0.208272323012352 0.2939453125 0.416544646024704
0.0 0.37646484375 0.9249634146690369 0.2539062798023224 0.15007320046424866
18.0 0.7241796851158142 0.20415812730789185 0.05847655609250069 0.1270131766796112
20.0 0.7012597918510437 0.413997083902359 0.016416018828749657 0.14364565908908844
9.0 0.7063671946525574 0.8943484425544739 0.016962898895144463 0.10387995839118958
20.0 0.47438475489616394 0.8151537179946899 0.030722670257091522 0.05582724139094353
21.0 0.5193945169448853 0.5873352885246277 0.033359356224536896 0.051727697253227234
21.0 0.49143555760383606 0.768858015537262 0.0405566543340683 0.16453880071640015
20.0 0.4226953089237213 0.8140116930007935 0.04328121989965439 0.10203514248132706
2.0 0.43785157799720764 0.861434817314148 0.005156252067536116 0.011595875024795532
11.0 0.42833009362220764 0.8611859679222107 0.010527344420552254 0.01209371816366911
8.0 0.4310937523841858 0.8615812659263611 0.019648445770144463 0.014216722920536995
2.0 0.3653808534145355 0.3271888196468353 0.005566373001784086 0.014201978221535683
11.0 0.34678709506988525 0.31734994053840637 0.023222653195261955 0.02215227670967579
1.0 0.337646484375 0.3391508162021637 0.006347654853016138 0.006354269105941057
8.0 0.334052711725235 0.32590046525001526 0.06822267919778824 0.03871148079633713
2.0 0.4020312428474426 0.6393704414367676 0.004531210754066706 0.011200621724128723
7.0 0.38871094584465027 0.6325329542160034 0.01847660169005394 0.015505163930356503
8.0 0.378105491399765 0.6323572397232056 0.05433596670627594 0.021727710962295532
8.0 0.3788672089576721 0.6525622606277466 0.055742207914590836 0.022283997386693954
8.0 0.31135740876197815 0.5516251921653748 0.06966796517372131 0.03824303671717644
8.0 0.30772462487220764 0.5944655537605286 0.07009764015674591 0.04333817958831787
8.0 0.3090136647224426 0.6229867935180664 0.07337892800569534 0.028755512088537216
8.0 0.3113378882408142 0.6494436264038086 0.0726366862654686 0.03879941254854202
8.0 0.3512793183326721 0.6312298774719238 0.010332063771784306 0.016661792993545532
8.0 0.35856446623802185 0.6639531850814819 0.022128891199827194 0.02295752987265587
2.0 0.3652050793170929 0.6645680665969849 0.008837880566716194 0.01879945397377014
11.0 0.3540332019329071 0.6612591743469238 0.009707022458314896 0.015168352983891964
2.0 0.36673828959465027 0.6861346960067749 0.006757775787264109 0.013733536005020142
11.0 0.34843748807907104 0.686808168888092 0.027724605053663254 0.022620808333158493
8.0 0.351318359375 0.6878916621208191 0.040537115186452866 0.023382095620036125
2.0 0.3481152355670929 0.6705856919288635 0.008847660385072231 0.016998514533042908
11.0 0.33018553256988525 0.6778624057769775 0.023212874308228493 0.02294287458062172
8.0 0.3132910132408142 0.6793704628944397 0.0784960612654686 0.03184480220079422
11.0 0.32597655057907104 0.6471010446548462 0.026767602190375328 0.03761347383260727
11.0 0.3248925805091858 0.6217130422592163 0.027959004044532776 0.028374824672937393
11.0 0.3201269507408142 0.5947730541229248 0.027714824303984642 0.0441727414727211
11.0 0.32243165373802185 0.5517423152923584 0.025048797950148582 0.04092241823673248
2.0 0.3423437476158142 0.5562957525253296 0.008671860210597515 0.015710074454545975
2.0 0.33894529938697815 0.5905124545097351 0.007656257599592209 0.01607610657811165
2.0 0.3458203077316284 0.6280381083488464 0.006611315533518791 0.012796471826732159
2.0 0.34421876072883606 0.6518155336380005 0.007851538248360157 0.015007320791482925
2.0 0.4033496081829071 0.654582679271698 0.00580077338963747 0.013865257613360882
2.0 0.3995898365974426 0.6988286972045898 0.006484414916485548 0.016149384900927544
2.0 0.4041992127895355 0.711244523525238 0.007031216286122799 0.013279659673571587
2.0 0.37196287512779236 0.7560029625892639 0.0070507763884961605 0.013060004450380802
2.0 0.36884766817092896 0.7128257751464844 0.00794925820082426 0.01669110544025898
2.0 0.34743162989616394 0.733762800693512 0.00923830084502697 0.016559293493628502
2.0 0.34305664896965027 0.7503952980041504 0.008222619071602821 0.015505163930356503
2.0 0.3580273389816284 0.8167203664779663 0.00855465978384018 0.017540235072374344
2.0 0.33012694120407104 0.8706881403923035 0.010634765028953552 0.012123007327318192
10.0 0.36867186427116394 0.7946998476982117 0.018505863845348358 0.013279659673571587
8.0 0.27458009123802185 0.9918009042739868 0.019208984449505806 0.016398238018155098
11.0 0.31103515625 0.8631478548049927 0.026367181912064552 0.028653012588620186
8.0 0.30232423543930054 0.847130298614502 0.06916990131139755 0.06215228885412216
8.0 0.3269335925579071 0.8155344128608704 0.071718730032444 0.0345827154815197
8.0 0.3537890613079071 0.7672767043113708 0.0453515462577343 0.038857948035001755
8.0 0.314033180475235 0.7203660607337952 0.07603517919778824 0.04042457416653633
8.0 0.312255859375 0.7487115859985352 0.07958982139825821 0.039370447397232056
8.0 0.35254883766174316 0.7159004211425781 0.04001949355006218 0.025944320484995842
8.0 0.3875976502895355 0.6970863342285156 0.033398475497961044 0.019633928313851357
8.0 0.3905566334724426 0.7130160927772522 0.03626956418156624 0.018535831943154335
11.0 0.3379882574081421 0.819882869720459 0.02812502533197403 0.027335260063409805
11.0 0.3572461009025574 0.7609809637069702 0.017109399661421776 0.022576842457056046
11.0 0.32582032680511475 0.7461786270141602 0.026113299652934074 0.03237186744809151
1.0 0.31147462129592896 0.7612005472183228 0.0073046572506427765 0.00789167545735836
11.0 0.325996071100235 0.7217130064964294 0.028935566544532776 0.0314641147851944
11.0 0.35166990756988525 0.7155051231384277 0.026142559945583344 0.02487553469836712
11.0 0.3843457102775574 0.6964275240898132 0.020976528525352478 0.017144981771707535
11.0 0.3876953125 0.7122108340263367 0.018505863845348358 0.018023421987891197
11.0 0.3881152272224426 0.652386486530304 0.019775426015257835 0.02606147527694702
10.0 0.4811035096645355 0.6448755860328674 0.016132837161421776 0.008082020096480846
10.0 0.4850781261920929 0.631815493106842 0.011962927877902985 0.008711584843695164
10.0 0.4903222918510437 0.6395460963249207 0.018466822803020477 0.007276677526533604
0.0 0.003173827426508069 0.208272323012352 0.006347654853016138 0.416544646024704
0.0 0.041748058050870895 0.9249634146690369 0.08349611610174179 0.15007320046424866
8.0 0.016533218324184418 0.32590046525001526 0.033066436648368835 0.03871148079633713
8.0 0.028242185711860657 0.5516251921653748 0.056484371423721313 0.03824303671717644
8.0 0.030166009441018105 0.5944655537605286 0.06033201888203621 0.04333817958831787
8.0 0.03034180961549282 0.6229867935180664 0.06068361923098564 0.028755512088537216
8.0 0.028994128108024597 0.6494436264038086 0.057988256216049194 0.03879941254854202
8.0 0.0009790072217583656 0.6878916621208191 0.0019580144435167313 0.023382095620036125
11.0 0.007214351557195187 0.6778624057769775 0.014428703114390373 0.02294287458062172
8.0 0.029482409358024597 0.6793704628944397 0.058964818716049194 0.03184480220079422
11.0 0.010207528248429298 0.6471010446548462 0.020415056496858597 0.03761347383260727
11.0 0.011047370731830597 0.6217130422592163 0.022094741463661194 0.028374824672937393
11.0 0.013369130901992321 0.5947730541229248 0.026738261803984642 0.0441727414727211
11.0 0.011550282128155231 0.5517423152923584 0.023100564256310463 0.04092241823673248
2.0 0.004099124576896429 0.8706881403923035 0.008198249153792858 0.012123007327318192
8.0 0.05842771381139755 0.9918009042739868 0.019208984449505806 0.016398238018155098
11.0 0.021972650662064552 0.8631478548049927 0.026367181912064552 0.028653012588620186
8.0 0.03263426944613457 0.847130298614502 0.06526853889226913 0.06215228885412216
8.0 0.02096678875386715 0.8155344128608704 0.0419335775077343 0.0345827154815197
8.0 0.0009472621604800224 0.7672767043113708 0.0018945243209600449 0.038857948035001755
8.0 0.02849610522389412 0.7203660607337952 0.05699221044778824 0.04042457416653633
8.0 0.030273430049419403 0.7487115859985352 0.060546860098838806 0.039370447397232056
8.0 0.00023436060291714966 0.7159004211425781 0.0004687212058342993 0.025944320484995842
11.0 0.004541030619293451 0.819882869720459 0.009082061238586903 0.027335260063409805
11.0 0.01012207381427288 0.7461786270141602 0.02024414762854576 0.03237186744809151
1.0 0.021533189341425896 0.7612005472183228 0.0073046572506427765 0.00789167545735836
11.0 0.010739759542047977 0.7217130064964294 0.021479519084095955 0.0314641147851944
