0.0 0.3824999928474426 0.6983333230018616 0.04499995708465576 0.04333337023854256
0.0 0.22512498497962952 0.9004833102226257 0.0522499680519104 0.11308332532644272
10.0 0.2959250211715698 0.9417166709899902 0.012312501668930054 0.007266680244356394
10.0 0.33918750286102295 0.7724833488464355 0.010800004005432129 0.006833314895629883
10.0 0.282337486743927 0.786050021648407 0.015324980020523071 0.006383339408785105
10.0 0.26758748292922974 0.812749981880188 0.018975019454956055 0.007416645530611277
10.0 0.3241124749183655 0.8029833436012268 0.010950028896331787 0.0058499970473349094
2.0 0.3161625266075134 0.16950003802776337 0.00232502818107605 0.004633267875760794
11.0 0.3100624978542328 0.16893331706523895 0.006637483835220337 0.005783399101346731
8.0 0.3072125315666199 0.1696000099182129 0.02023753523826599 0.0073833465576171875
2.0 0.2481749951839447 0.25521668791770935 0.0036500394344329834 0.005733331199735403
8.0 0.23692500591278076 0.25689998269081116 0.026150017976760864 0.01055002212524414
11.0 0.2790375351905823 0.8831833600997925 0.007262527942657471 0.007700006011873484
11.0 0.28446251153945923 0.8554333448410034 0.00916251540184021 0.008216659538447857
11.0 0.2892000079154968 0.8346333503723145 0.007575005292892456 0.006550014019012451
11.0 0.28868746757507324 0.8267166614532471 0.009912461042404175 0.00776664400473237
2.0 0.28745001554489136 0.8830000162124634 0.0031625032424926758 0.005716681480407715
2.0 0.2924500107765198 0.854449987411499 0.003250032663345337 0.005499998573213816
8.0 0.2756125330924988 0.8828499913215637 0.026412516832351685 0.01653333567082882
8.0 0.2817249894142151 0.8550833463668823 0.024262458086013794 0.010066668502986431
8.0 0.28517499566078186 0.8356999754905701 0.023499995470046997 0.01083334255963564
8.0 0.2842000126838684 0.8269667029380798 0.024587541818618774 0.010200023651123047
11.0 0.15835000574588776 0.5806999802589417 0.019262462854385376 0.01381667423993349
8.0 0.1519874930381775 0.5826666951179504 0.03681251406669617 0.026249965652823448
2.0 0.21227501332759857 0.4286666810512543 0.004387468099594116 0.008533318527042866
2.0 0.20903749763965607 0.4636000096797943 0.003412485122680664 0.005916595458984375
11.0 0.20083749294281006 0.4643000066280365 0.007975012063980103 0.008600075729191303
11.0 0.20331250131130219 0.42873334884643555 0.00916251540184021 0.01074997615069151
8.0 0.2067125141620636 0.4291333258152008 0.016400009393692017 0.0122833251953125
8.0 0.20282500982284546 0.4637833535671234 0.015412509441375732 0.011416594497859478
8.0 0.31802499294281006 0.7228166460990906 0.01833745837211609 0.010866641998291016
2.0 0.3454374670982361 0.640583336353302 0.0021125078201293945 0.004599968437105417
8.0 0.33994999527931213 0.6407333016395569 0.013525038957595825 0.010716676712036133
10.0 0.33124998211860657 0.7616000175476074 0.008987456560134888 0.007583300117403269
10.0 0.3347749710083008 0.8184999823570251 0.011600017547607422 0.004300037864595652
11.0 0.3574499785900116 0.7601333260536194 0.00571247935295105 0.006999969482421875
8.0 0.35481250286102295 0.7608000040054321 0.014487504959106445 0.009783347137272358
13.0 0.4018374979496002 0.10673332214355469 0.009487509727478027 0.017316659912467003
11.0 0.312687486410141 0.30164995789527893 0.007949978113174438 0.009349982254207134
8.0 0.30701249837875366 0.3025833070278168 0.026762455701828003 0.01448329258710146
11.0 0.298737496137619 0.3820333480834961 0.00822499394416809 0.007650057319551706
8.0 0.295074999332428 0.38263335824012756 0.020375043153762817 0.011133353225886822
3.0 0.2442750185728073 0.1761000156402588 0.028987526893615723 0.027133306488394737
24.0 0.3685750365257263 0.7878833413124084 0.026449978351593018 0.025183359161019325
20.0 0.3862375020980835 0.7584333419799805 0.01434999704360962 0.03029998205602169
20.0 0.3730999827384949 0.7310333251953125 0.01651248335838318 0.0342000313103199
11.0 0.29766249656677246 0.4758666455745697 0.006075024604797363 0.005283355712890625
8.0 0.29663750529289246 0.4766666889190674 0.013799965381622314 0.008066654205322266
0.0 0.025499999523162842 0.9004833102226257 0.050999999046325684 0.11308332532644272
2.0 0.0018250122666358948 0.25521668791770935 0.0036500245332717896 0.005733331199735403
8.0 0.013075001537799835 0.25689998269081116 0.02615000307559967 0.01055002212524414
11.0 0.09164999425411224 0.5806999802589417 0.019262462854385376 0.01381667423993349
8.0 0.09801250696182251 0.5826666951179504 0.03681251406669617 0.026249965652823448
2.0 0.03772498667240143 0.4286666810512543 0.004387468099594116 0.008533318527042866
2.0 0.04096250236034393 0.4636000096797943 0.003412485122680664 0.005916595458984375
11.0 0.04916250705718994 0.4643000066280365 0.007975012063980103 0.008600075729191303
11.0 0.046687498688697815 0.42873334884643555 0.00916251540184021 0.01074997615069151
8.0 0.0432874858379364 0.4291333258152008 0.016400009393692017 0.0122833251953125
8.0 0.04717499017715454 0.4637833535671234 0.015412509441375732 0.011416594497859478
3.0 0.010109372437000275 0.1761000156402588 0.02021874487400055 0.027133306488394737
