0.0 0.9516375064849854 0.6922034025192261 0.09672500193119049 0.6155932545661926
0.0 0.5330125093460083 0.6922034025192261 0.4549250304698944 0.6155932545661926
2.0 0.46623748540878296 0.9135969877243042 0.017649976536631584 0.04126176983118057
2.0 0.4703125059604645 0.5057438611984253 0.02539996989071369 0.0591714046895504
2.0 0.47567498683929443 0.4478719234466553 0.021487466990947723 0.041355881839990616
2.0 0.49451249837875366 0.3943125903606415 0.02700001932680607 0.05947263911366463
2.0 0.477400004863739 0.24276834726333618 0.020324960350990295 0.03725041076540947
2.0 0.5003374814987183 0.21497170627117157 0.020850015804171562 0.0415065661072731
2.0 0.45481249690055847 0.14666663110256195 0.015487485565245152 0.044557422399520874
6.0 0.4719250202178955 0.3761958181858063 0.008537526242434978 0.016930323094129562
6.0 0.4557499885559082 0.4546327590942383 0.011350030079483986 0.02444441430270672
6.0 0.4438750147819519 0.49448204040527344 0.012375017628073692 0.026911530643701553
4.0 0.4467249810695648 0.9094538688659668 0.011212510988116264 0.029001891613006592
11.0 0.4044874906539917 0.9169114828109741 0.06841249018907547 0.07229753583669662
11.0 0.4057749807834625 0.5448023080825806 0.09082500636577606 0.09404894709587097
11.0 0.41961249709129333 0.45903950929641724 0.07223747670650482 0.06354057043790817
11.0 0.4269000291824341 0.391035795211792 0.07812502235174179 0.08998123556375504
11.0 0.3926500082015991 0.2685498893260956 0.04891248792409897 0.040489669889211655
11.0 0.42508751153945923 0.21996234357357025 0.093112513422966 0.07945381850004196
11.0 0.3989124894142151 0.14195860922336578 0.08636251091957092 0.05397365614771843
1.0 0.36778751015663147 0.47209039330482483 0.014550010673701763 0.027156369760632515
1.0 0.35864999890327454 0.5570433139801025 0.019162531942129135 0.038719356060028076
8.0 0.37513747811317444 0.14444443583488464 0.17937500774860382 0.06613937765359879
8.0 0.382099986076355 0.20943501591682434 0.2609124779701233 0.11760833859443665
8.0 0.3794249892234802 0.25822973251342773 0.21626244485378265 0.08510366827249527
8.0 0.3811750113964081 0.3865724802017212 0.25593745708465576 0.10574380308389664
8.0 0.37238749861717224 0.461167573928833 0.23262497782707214 0.06613937765359879
8.0 0.3619624972343445 0.5339547991752625 0.2420874834060669 0.12258005887269974
8.0 0.3793499767780304 0.8995668888092041 0.195949986577034 0.12067796289920807
0.0 0.015350008383393288 0.6922034025192261 0.030700016766786575 0.6155932545661926
8.0 0.025400012731552124 0.14444443583488464 0.05080002546310425 0.06613937765359879
8.0 0.04230312630534172 0.20943501591682434 0.08460625261068344 0.11760833859443665
8.0 0.03247811272740364 0.25822973251342773 0.06495622545480728 0.08510366827249527
8.0 0.041521862149238586 0.3865724802017212 0.08304372429847717 0.10574380308389664
8.0 0.0400875024497509 0.461167573928833 0.0801750048995018 0.06613937765359879
8.0 0.047665614634752274 0.5339547991752625 0.09533122926950455 0.12258005887269974
8.0 0.02743750438094139 0.8995668888092041 0.05487500876188278 0.12067796289920807
