0.0 0.03945313021540642 0.704926609992981 0.07890626043081284 0.5901467204093933
0.0 0.4273437261581421 0.704926609992981 0.503125011920929 0.5901467204093933
10.0 0.6313906311988831 0.9431236982345581 0.10964059829711914 0.08176099509000778
10.0 0.6504531502723694 0.7818448543548584 0.1399531066417694 0.10238991677761078
10.0 0.6677500009536743 0.43215933442115784 0.17457813024520874 0.1309015303850174
2.0 0.4018593728542328 0.12408805638551712 0.02124999463558197 0.04515722021460533
2.0 0.42079687118530273 0.2919706404209137 0.029625002294778824 0.04947590455412865
5.0 0.35926562547683716 0.7598322629928589 0.01420313585549593 0.03618452325463295
11.0 0.404171884059906 0.7650523781776428 0.0553906187415123 0.07700210064649582
11.0 0.466796875 0.0005451098550111055 0.1146874874830246 0.001090219710022211
11.0 0.47767186164855957 0.1092662364244461 0.08954687416553497 0.08178199082612991
11.0 0.49165624380111694 0.306247353553772 0.09840624034404755 0.09781971573829651
6.0 0.4430624842643738 0.2940461039543152 0.01685938611626625 0.02205454744398594
6.0 0.42420312762260437 0.11874212324619293 0.01506251934915781 0.030209682881832123
6.0 0.37992188334465027 0.7561635375022888 0.013828108087182045 0.024905655533075333
8.0 0.39140623807907104 0.7663731575012207 0.0767187550663948 0.11396227777004242
8.0 0.5367968678474426 0.2967505156993866 0.263359397649765 0.11911948025226593
8.0 0.517453134059906 0.11423478275537491 0.25418752431869507 0.15104825794696808
8.0 0.5249218940734863 0.029659327119588852 0.3576718866825104 0.059318654239177704
10.0 0.9951367378234863 0.43215933442115784 0.00972658209502697 0.1309015303850174
