0.0 0.5492187738418579 0.432083398103714 0.1890624761581421 0.2645833194255829
0.0 0.5515625476837158 0.6989583373069763 0.22812500596046448 0.23541665077209473
17.0 0.6870937347412109 0.9659218788146973 0.1085781455039978 0.06815624237060547
20.0 0.6197500228881836 0.22741667926311493 0.0347343385219574 0.1320832520723343
5.0 0.6085468530654907 0.14143753051757812 0.007390648126602173 0.01237503718584776
8.0 0.6206250190734863 0.14218752086162567 0.0319843590259552 0.02458333969116211
10.0 0.6242656111717224 0.11293753236532211 0.025890648365020752 0.016125043854117393
10.0 0.6231562495231628 0.21187496185302734 0.02478128671646118 0.01616668701171875
10.0 0.6697187423706055 0.021729150786995888 0.033062517642974854 0.01997915841639042
13.0 0.6114374995231628 0.06868752092123032 0.122984379529953 0.13737504184246063
