0.0 0.9931250214576721 0.7983333468437195 0.013749994337558746 0.4033333361148834
0.0 0.5193750262260437 0.29749995470046997 0.22875000536441803 0.46166670322418213
0.0 0.49687498807907104 0.7983333468437195 0.5337499976158142 0.4033333361148834
8.0 0.5037750005722046 0.2826666831970215 0.022250019013881683 0.009816646575927734
8.0 0.3946874737739563 0.9210333228111267 0.08947500586509705 0.08053334802389145
8.0 0.5647374987602234 0.8729166388511658 0.04071249067783356 0.026766657829284668
11.0 0.5699999928474426 0.8754333257675171 0.01383751630783081 0.010183334350585938
11.0 0.40060001611709595 0.8973833322525024 0.03917500376701355 0.03038334846496582
6.0 0.42698749899864197 0.892549991607666 0.006612539291381836 0.013150016777217388
5.0 0.436849981546402 0.8914333581924438 0.005150020122528076 0.014083345420658588
2.0 0.5804250240325928 0.880466639995575 0.007424980401992798 0.01040001679211855
0.0 0.01000000536441803 0.7983333468437195 0.02000001072883606 0.4033333361148834
