11.0 0.9761738181114197 0.6126388907432556 0.047652341425418854 0.21361106634140015
1.0 0.9259296655654907 0.7167222499847412 0.06614843755960464 0.0611250139772892
4.0 0.9179921746253967 0.664555549621582 0.04134374484419823 0.07419448345899582
2.0 0.8700624704360962 0.6316388845443726 0.050398439168930054 0.1479722112417221
8.0 0.9207578301429749 0.6386110782623291 0.15848438441753387 0.2689444124698639
11.0 0.5400390625 0.6126388907432556 0.1402265727519989 0.21361106634140015
1.0 0.6365703344345093 0.7167222499847412 0.06614843755960464 0.0611250139772892
4.0 0.6445078253746033 0.664555549621582 0.04134374484419823 0.07419448345899582
2.0 0.6924375295639038 0.6316388845443726 0.050398439168930054 0.1479722112417221
8.0 0.46986719965934753 0.6386110782623291 0.5022343993186951 0.2689444124698639
8.0 0.109375 0.6386110782623291 0.21875 0.2689444124698639
