0.0 0.2853260636329651 0.9323161244392395 0.5706521272659302 0.1353677660226822
8.0 0.4810217320919037 0.9989710450172424 0.9620434641838074 0.002057901816442609
0.0 0.2853260636329651 0.5625978112220764 0.5706521272659302 0.585289478302002
11.0 0.2561521530151367 0.5807980895042419 0.4424782693386078 0.1988106518983841
11.0 0.3100217282772064 0.5619874596595764 0.29899999499320984 0.21555554866790771
6.0 0.011760873720049858 0.6122221946716309 0.023521747440099716 0.05945226177573204
1.0 0.4704782962799072 0.5475586652755737 0.0982174277305603 0.06356807053089142
1.0 0.5006087422370911 0.4433802664279938 0.05700002238154411 0.042409978806972504
1.0 0.458717405796051 0.6973552703857422 0.07984784990549088 0.044898271560668945
11.0 0.11765218526124954 0.5151330232620239 0.14808697998523712 0.0797339603304863
5.0 0.013494563288986683 0.5231768488883972 0.026989126577973366 0.03582160174846649
8.0 0.09994020313024521 0.5042566657066345 0.19988040626049042 0.0945383608341217
8.0 0.35697823762893677 0.45755869150161743 0.33978262543678284 0.06968703120946884
8.0 0.4810217320919037 0.6004068851470947 0.9620434641838074 0.24305161833763123
0.0 0.2853260636329651 0.005086057353764772 0.5706521272659302 0.010172114707529545
