11.0 0.9780585765838623 0.5521110892295837 0.043882813304662704 0.23863893747329712
2.0 0.8669531345367432 0.5529721975326538 0.05086718872189522 0.14656946063041687
4.0 0.9108281135559082 0.5291249752044678 0.029249992221593857 0.08315277099609375
1.0 0.9256874918937683 0.5286111235618591 0.07904687523841858 0.06829166412353516
8.0 0.9185253977775574 0.5668888688087463 0.16294921934604645 0.21397225558757782
11.0 0.5429453253746033 0.5521110892295837 0.12687498331069946 0.23863893747329712
2.0 0.6955468654632568 0.5529721975326538 0.05086718872189522 0.14656946063041687
4.0 0.6516718864440918 0.5291249752044678 0.029249992221593857 0.08315277099609375
1.0 0.6368125081062317 0.5286111235618591 0.07904687523841858 0.06829166412353516
8.0 0.4721015691757202 0.5668888688087463 0.5066952705383301 0.21397225558757782
8.0 0.10937304049730301 0.5668888688087463 0.21874608099460602 0.21397225558757782
