0.0 0.010419914498925209 0.5 0.020839828997850418 1.0
0.0 0.5714452862739563 0.5 0.5185546875 1.0
2.0 0.7138964533805847 0.5394582748413086 0.008193358778953552 0.014070256613194942
11.0 0.7253320217132568 0.5516983866691589 0.012841770425438881 0.02667638473212719
8.0 0.7208886742591858 0.5493704080581665 0.02087888866662979 0.03327962011098862
9.0 0.783203125 0.8378477096557617 0.10058591514825821 0.3243045508861542
18.0 0.6935644745826721 0.9081735014915466 0.22275391221046448 0.18365299701690674
0.0 0.9181347489356995 0.5 0.1637304574251175 1.0
2.0 0.9530957341194153 0.5394582748413086 0.008193358778953552 0.014070256613194942
11.0 0.9416601657867432 0.5516983866691589 0.012841770425438881 0.02667638473212719
8.0 0.9461035132408142 0.5493704080581665 0.02087888866662979 0.03327962011098862
9.0 0.8837890625 0.8378477096557617 0.10058591514825821 0.3243045508861542
18.0 0.9310253858566284 0.9081735014915466 0.13794924318790436 0.18365299701690674
