0.0 0.98026043176651 0.8356112837791443 0.03947916254401207 0.3287774622440338
13.0 0.9974791407585144 0.024905970320105553 0.005041664000600576 0.049811940640211105
13.0 0.9778437614440918 0.19686520099639893 0.0443124994635582 0.2677743434906006
0.0 0.6040624976158142 0.8356112837791443 0.19999997317790985 0.3287774622440338
8.0 0.5749791860580444 0.835454523563385 0.022645849734544754 0.022664593532681465
11.0 0.5713124871253967 0.8335109949111938 0.013958328403532505 0.02172413282096386
13.0 0.4625625014305115 0.17818182706832886 0.17214582860469818 0.1532602459192276
13.0 0.5939791798591614 0.024905970320105553 0.15129166841506958 0.049811940640211105
13.0 0.6464583277702332 0.19686520099639893 0.1248750165104866 0.2677743434906006
2.0 0.6361249685287476 0.0591849759221077 0.005854175891727209 0.009623799473047256
11.0 0.6242083311080933 0.060438890010118484 0.015124988742172718 0.014890233986079693
8.0 0.6200000047683716 0.060940422117710114 0.03812501206994057 0.021661441773176193
