13.0 0.024656252935528755 0.6657707095146179 0.04931250587105751 0.19351503252983093
0.0 0.5726374983787537 0.24154134094715118 0.3374999761581421 0.48308268189430237
13.0 0.32967498898506165 0.6657707095146179 0.08797501027584076 0.19351503252983093
11.0 0.6428250074386597 0.06708644330501556 0.01656251586973667 0.027255725115537643
5.0 0.6254374980926514 0.06953005492687225 0.005650029052048922 0.014454798772931099
5.0 0.7269250154495239 0.1970488578081131 0.006350019946694374 0.017443634569644928
5.0 0.706262469291687 0.30080828070640564 0.009337467141449451 0.01669180952012539
6.0 0.7153249979019165 0.29793235659599304 0.0035999990068376064 0.012180500663816929
6.0 0.7381749749183655 0.19577063620090485 0.004999980796128511 0.01142849586904049
8.0 0.6446624994277954 0.08129700273275375 0.04408746212720871 0.05244366079568863
1.0 0.7546125054359436 0.314812034368515 0.00946248322725296 0.01601509563624859
8.0 0.7744625210762024 0.18531955778598785 0.10141251981258392 0.06312033534049988
11.0 0.7359874844551086 0.29503756761550903 0.036987509578466415 0.03678565472364426
11.0 0.7566249966621399 0.17949247360229492 0.04188752546906471 0.042293306440114975
11.0 0.7653374671936035 0.012744339182972908 0.036587491631507874 0.025488678365945816
8.0 0.7781000137329102 0.014882531948387623 0.0848500058054924 0.029765063896775246
8.0 0.7502250075340271 0.3012593686580658 0.09841246902942657 0.04875946789979935
0.0 0.9618062376976013 0.24154134094715118 0.07638749480247498 0.48308268189430237
5.0 0.9380750060081482 0.1970488578081131 0.006350019946694374 0.017443634569644928
5.0 0.9587374925613403 0.30080828070640564 0.009337467141449451 0.01669180952012539
6.0 0.9496750235557556 0.29793235659599304 0.0035999990068376064 0.012180500663816929
6.0 0.9268249869346619 0.19577063620090485 0.004999980796128511 0.01142849586904049
8.0 0.9991468787193298 0.08129700273275375 0.0017062228871509433 0.05244366079568863
1.0 0.9103875160217285 0.314812034368515 0.00946248322725296 0.01601509563624859
8.0 0.8905375003814697 0.18531955778598785 0.10141251981258392 0.06312033534049988
11.0 0.9290124773979187 0.29503756761550903 0.036987509578466415 0.03678565472364426
11.0 0.9083750247955322 0.17949247360229492 0.04188752546906471 0.042293306440114975
11.0 0.8996624946594238 0.012744339182972908 0.036587491631507874 0.025488678365945816
8.0 0.886900007724762 0.014882531948387623 0.0848500058054924 0.029765063896775246
8.0 0.9147749543190002 0.3012593686580658 0.09841246902942657 0.04875946789979935
