18.0 0.05718750134110451 0.20415812730789185 0.05847655609250069 0.1270131766796112
20.0 0.03426757827401161 0.413997083902359 0.016416018828749657 0.14364565908908844
9.0 0.039374999701976776 0.8943484425544739 0.016962898895144463 0.10387995839118958
0.0 0.5263671875 0.208272323012352 0.2939453125 0.416544646024704
0.0 0.62353515625 0.9249634146690369 0.2539062798023224 0.15007320046424866
18.0 0.2758203148841858 0.20415812730789185 0.05847655609250069 0.1270131766796112
20.0 0.2987402379512787 0.413997083902359 0.016416018828749657 0.14364565908908844
9.0 0.2936328053474426 0.8943484425544739 0.016962898895144463 0.10387995839118958
20.0 0.5256152153015137 0.8151537179946899 0.030722670257091522 0.05582724139094353
21.0 0.48060548305511475 0.5873352885246277 0.033359356224536896 0.051727697253227234
21.0 0.5085644721984863 0.768858015537262 0.0405566543340683 0.16453880071640015
20.0 0.5773047208786011 0.8140116930007935 0.04328121989965439 0.10203514248132706
2.0 0.5621484518051147 0.861434817314148 0.005156252067536116 0.011595875024795532
11.0 0.5716699361801147 0.8611859679222107 0.010527344420552254 0.01209371816366911
8.0 0.5689062476158142 0.8615812659263611 0.019648445770144463 0.014216722920536995
2.0 0.6346191167831421 0.3271888196468353 0.005566373001784086 0.014201978221535683
11.0 0.6532129049301147 0.31734994053840637 0.023222653195261955 0.02215227670967579
1.0 0.662353515625 0.3391508162021637 0.006347654853016138 0.006354269105941057
8.0 0.6659472584724426 0.32590046525001526 0.06822267919778824 0.03871148079633713
2.0 0.5979687571525574 0.6393704414367676 0.004531210754066706 0.011200621724128723
7.0 0.6112890839576721 0.6325329542160034 0.01847660169005394 0.015505163930356503
8.0 0.6218945384025574 0.6323572397232056 0.05433596670627594 0.021727710962295532
8.0 0.6211327910423279 0.6525622606277466 0.055742207914590836 0.022283997386693954
8.0 0.6886425614356995 0.5516251921653748 0.06966796517372131 0.03824303671717644
8.0 0.6922754049301147 0.5944655537605286 0.07009764015674591 0.04333817958831787
8.0 0.6909863352775574 0.6229867935180664 0.07337892800569534 0.028755512088537216
8.0 0.6886621117591858 0.6494436264038086 0.0726366862654686 0.03879941254854202
8.0 0.6487206816673279 0.6312298774719238 0.010332063771784306 0.016661792993545532
8.0 0.6414355635643005 0.6639531850814819 0.022128891199827194 0.02295752987265587
2.0 0.6347949504852295 0.6645680665969849 0.008837880566716194 0.01879945397377014
11.0 0.6459668278694153 0.6612591743469238 0.009707022458314896 0.015168352983891964
2.0 0.6332616806030273 0.6861346960067749 0.006757775787264109 0.013733536005020142
11.0 0.651562511920929 0.686808168888092 0.027724605053663254 0.022620808333158493
8.0 0.648681640625 0.6878916621208191 0.040537115186452866 0.023382095620036125
2.0 0.6518847942352295 0.6705856919288635 0.008847660385072231 0.016998514533042908
11.0 0.6698144674301147 0.6778624057769775 0.023212874308228493 0.02294287458062172
8.0 0.6867089867591858 0.6793704628944397 0.0784960612654686 0.03184480220079422
11.0 0.674023449420929 0.6471010446548462 0.026767602190375328 0.03761347383260727
11.0 0.6751074194908142 0.6217130422592163 0.027959004044532776 0.028374824672937393
11.0 0.6798730492591858 0.5947730541229248 0.027714824303984642 0.0441727414727211
11.0 0.6775683760643005 0.5517423152923584 0.025048797950148582 0.04092241823673248
2.0 0.6576562523841858 0.5562957525253296 0.008671860210597515 0.015710074454545975
2.0 0.6610546708106995 0.5905124545097351 0.007656257599592209 0.01607610657811165
2.0 0.6541796922683716 0.6280381083488464 0.006611315533518791 0.012796471826732159
2.0 0.6557812690734863 0.6518155336380005 0.007851538248360157 0.015007320791482925
2.0 0.5966504216194153 0.654582679271698 0.00580077338963747 0.013865257613360882
2.0 0.6004101634025574 0.6988286972045898 0.006484414916485548 0.016149384900927544
2.0 0.5958007574081421 0.711244523525238 0.007031216286122799 0.013279659673571587
2.0 0.6280370950698853 0.7560029625892639 0.0070507763884961605 0.013060004450380802
2.0 0.631152331829071 0.7128257751464844 0.00794925820082426 0.01669110544025898
2.0 0.6525683999061584 0.733762800693512 0.00923830084502697 0.016559293493628502
2.0 0.6569433212280273 0.7503952980041504 0.008222619071602821 0.015505163930356503
2.0 0.6419726610183716 0.8167203664779663 0.00855465978384018 0.017540235072374344
2.0 0.669873058795929 0.8706881403923035 0.010634765028953552 0.012123007327318192
10.0 0.6313281655311584 0.7946998476982117 0.018505863845348358 0.013279659673571587
8.0 0.7254198789596558 0.9918009042739868 0.019208984449505806 0.016398238018155098
11.0 0.68896484375 0.8631478548049927 0.026367181912064552 0.028653012588620186
8.0 0.6976757645606995 0.847130298614502 0.06916990131139755 0.06215228885412216
8.0 0.6730663776397705 0.8155344128608704 0.071718730032444 0.0345827154815197
8.0 0.6462109684944153 0.7672767043113708 0.0453515462577343 0.038857948035001755
8.0 0.6859667897224426 0.7203660607337952 0.07603517919778824 0.04042457416653633
8.0 0.687744140625 0.7487115859985352 0.07958982139825821 0.039370447397232056
8.0 0.6474511623382568 0.7159004211425781 0.04001949355006218 0.025944320484995842
8.0 0.6124023199081421 0.6970863342285156 0.033398475497961044 0.019633928313851357
8.0 0.6094433665275574 0.7130160927772522 0.03626956418156624 0.018535831943154335
11.0 0.6620117425918579 0.819882869720459 0.02812502533197403 0.027335260063409805
11.0 0.6427538990974426 0.7609809637069702 0.017109399661421776 0.022576842457056046
11.0 0.6741796731948853 0.7461786270141602 0.026113299652934074 0.03237186744809151
1.0 0.688525378704071 0.7612005472183228 0.0073046572506427765 0.00789167545735836
11.0 0.6740038990974426 0.7217130064964294 0.028935566544532776 0.0314641147851944
11.0 0.6483300924301147 0.7155051231384277 0.026142559945583344 0.02487553469836712
11.0 0.6156542897224426 0.6964275240898132 0.020976528525352478 0.017144981771707535
11.0 0.6123046875 0.7122108340263367 0.018505863845348358 0.018023421987891197
11.0 0.6118847727775574 0.652386486530304 0.019775426015257835 0.02606147527694702
10.0 0.5188965201377869 0.6448755860328674 0.016132837161421776 0.008082020096480846
10.0 0.5149219036102295 0.631815493106842 0.011962927877902985 0.008711584843695164
10.0 0.5096777081489563 0.6395460963249207 0.018466822803020477 0.007276677526533604
0.0 0.996826171875 0.208272323012352 0.006347654853016138 0.416544646024704
0.0 0.958251953125 0.9249634146690369 0.08349611610174179 0.15007320046424866
8.0 0.9834668040275574 0.32590046525001526 0.033066436648368835 0.03871148079633713
8.0 0.9717578291893005 0.5516251921653748 0.056484371423721313 0.03824303671717644
8.0 0.9698339700698853 0.5944655537605286 0.06033201888203621 0.04333817958831787
8.0 0.9696581959724426 0.6229867935180664 0.06068361923098564 0.028755512088537216
8.0 0.9710058569908142 0.6494436264038086 0.057988256216049194 0.03879941254854202
8.0 0.9990209937095642 0.6878916621208191 0.0019580144435167313 0.023382095620036125
11.0 0.992785632610321 0.6778624057769775 0.014428703114390373 0.02294287458062172
8.0 0.9705175757408142 0.6793704628944397 0.058964818716049194 0.03184480220079422
11.0 0.9897924661636353 0.6471010446548462 0.020415056496858597 0.03761347383260727
11.0 0.98895263671875 0.6217130422592163 0.022094741463661194 0.028374824672937393
11.0 0.9866308569908142 0.5947730541229248 0.026738261803984642 0.0441727414727211
11.0 0.9884496927261353 0.5517423152923584 0.023100564256310463 0.04092241823673248
2.0 0.9959008693695068 0.8706881403923035 0.008198249153792858 0.012123007327318192
8.0 0.9415723085403442 0.9918009042739868 0.019208984449505806 0.016398238018155098
11.0 0.97802734375 0.8631478548049927 0.026367181912064552 0.028653012588620186
8.0 0.9673657417297363 0.847130298614502 0.06526853889226913 0.06215228885412216
8.0 0.9790332317352295 0.8155344128608704 0.0419335775077343 0.0345827154815197
8.0 0.9990527629852295 0.7672767043113708 0.0018945243209600449 0.038857948035001755
8.0 0.9715039134025574 0.7203660607337952 0.05699221044778824 0.04042457416653633
8.0 0.9697265625 0.7487115859985352 0.060546860098838806 0.039370447397232056
8.0 0.9997656345367432 0.7159004211425781 0.0004687212058342993 0.025944320484995842
11.0 0.9954589605331421 0.819882869720459 0.009082061238586903 0.027335260063409805
11.0 0.9898779392242432 0.7461786270141602 0.02024414762854576 0.03237186744809151
1.0 0.978466808795929 0.7612005472183228 0.0073046572506427765 0.00789167545735836
11.0 0.9892602562904358 0.7217130064964294 0.021479519084095955 0.0314641147851944
