0.0 0.9625781178474426 0.3973577320575714 0.07484376430511475 0.7947154641151428
0.0 0.6381250023841858 0.3973577320575714 0.4109375476837158 0.7947154641151428
0.0 0.3560468852519989 0.645843505859375 0.4311874806880951 0.7083130478858948
11.0 0.3728906214237213 0.792682945728302 0.022968728095293045 0.03329269215464592
11.0 0.5765937566757202 0.18467479944229126 0.021812479943037033 0.03321143612265587
5.0 0.39720311760902405 0.7944512367248535 0.010796910151839256 0.017764238640666008
5.0 0.5994531512260437 0.18394310772418976 0.010828115046024323 0.016991840675473213
8.0 0.5698750019073486 0.19662603735923767 0.06823435425758362 0.059410497546195984
8.0 0.3810156583786011 0.7908536195755005 0.041453130543231964 0.04075205326080322
0.0 0.04539842531085014 0.645843505859375 0.09079685062170029 0.7083130478858948
