0.0 0.06249688193202019 0.7441666722297668 0.12499376386404037 0.5116667151451111
0.0 0.49118751287460327 0.7441666722297668 0.7323625087738037 0.5116667151451111
7.0 0.30463749170303345 0.6042999625205994 0.024287503212690353 0.040183305740356445
6.0 0.28722500801086426 0.6010666489601135 0.009437508881092072 0.016633352264761925
5.0 0.2769624888896942 0.5997000336647034 0.008925005793571472 0.019366661086678505
8.0 0.31103751063346863 0.6114166378974915 0.07956250011920929 0.06261666864156723
2.0 0.6820874810218811 0.961733341217041 0.034187525510787964 0.038649994879961014
11.0 0.682824969291687 0.9736208319664001 0.06815001368522644 0.05275833606719971
8.0 0.7045000195503235 0.970787525177002 0.1164875328540802 0.05842499062418938
20.0 0.3639250099658966 0.4536832869052887 0.0328499972820282 0.04475005343556404
0.0 0.9463156461715698 0.7441666722297668 0.10736876726150513 0.5116667151451111
8.0 0.9936280846595764 0.970787525177002 0.012743785977363586 0.05842499062418938
