0.0 0.9206666946411133 0.2059999704360962 0.1586666703224182 0.4119999408721924
5.0 0.89028000831604 0.004665002226829529 0.009666661731898785 0.009330004453659058
6.0 0.9128133058547974 0.00284498929977417 0.011093338020145893 0.00568997859954834
8.0 0.9409099817276001 0.02012002468109131 0.11817999929189682 0.04024004936218262
0.0 0.6933333277702332 0.2059999704360962 0.2639999985694885 0.4119999408721924
5.0 0.6570799946784973 0.6857199668884277 0.013120015151798725 0.03266000747680664
6.0 0.6401200294494629 0.6738599538803101 0.010666648857295513 0.016400009393692017
7.0 0.5968266725540161 0.6974999904632568 0.06816001981496811 0.052779972553253174
8.0 0.5935066938400269 0.686460018157959 0.14023999869823456 0.07482004165649414
5.0 0.7763866782188416 0.004665002226829529 0.009666661731898785 0.009330004453659058
6.0 0.7538533210754395 0.00284498929977417 0.011093338020145893 0.00568997859954834
8.0 0.7170133590698242 0.02012002468109131 0.13566666841506958 0.04024004936218262
