0.0 0.36328125 0.34166666865348816 0.3203125298023224 0.6833333373069763
1.0 0.45143747329711914 0.9448124766349792 0.015671879053115845 0.014583349227905273
1.0 0.4098437428474426 0.9978228807449341 0.011765599250793457 0.0043541789054870605
11.0 0.4550156593322754 0.9801041483879089 0.05426564812660217 0.039791662245988846
5.0 0.500656247138977 0.9846875071525574 0.010984361171722412 0.021166682243347168
6.0 0.4852343797683716 0.9832916855812073 0.006812542676925659 0.018354177474975586
8.0 0.42970314621925354 0.9679531455039978 0.15398436784744263 0.06409374624490738
14.0 0.5464531183242798 0.7516458630561829 0.027625009417533875 0.019958337768912315
5.0 0.46095311641693115 0.047062475234270096 0.01782810688018799 0.04077084735035896
6.0 0.44196873903274536 0.0453750304877758 0.008906275033950806 0.021770795807242393
7.0 0.4145468771457672 0.02553645707666874 0.06040620803833008 0.05107291415333748
1.0 0.3864062428474426 0.08018747717142105 0.012906253337860107 0.025083383545279503
8.0 0.3994062542915344 0.0631093978881836 0.1431562900543213 0.1262187957763672
0.0 0.023437514901161194 0.34166666865348816 0.04687502980232239 0.6833333373069763
