0.0 0.550000011920929 0.03239203616976738 0.11500000208616257 0.06478407233953476
0.0 0.4254625141620636 0.11784054338932037 0.13625003397464752 0.23568108677864075
10.0 0.3163374960422516 0.4558471739292145 0.04942502826452255 0.02121260017156601
10.0 0.5266249775886536 0.11651163548231125 0.014062512665987015 0.006445222534239292
11.0 0.5085625052452087 0.19265778362751007 0.015899986028671265 0.009451831690967083
2.0 0.5200124979019165 0.1899668127298355 0.004625009838491678 0.006312310229986906
8.0 0.5054500102996826 0.19033220410346985 0.03376249223947525 0.014086339622735977
2.0 0.5464624762535095 0.6130398511886597 0.0037124857772141695 0.007591374218463898
2.0 0.5432125329971313 0.6210464835166931 0.005612482316792011 0.007176082581281662
11.0 0.5370624661445618 0.6123421788215637 0.009250019676983356 0.008305679075419903
11.0 0.5329499840736389 0.6218937039375305 0.014399982988834381 0.01088036224246025
8.0 0.5322499871253967 0.6226245760917664 0.028062501922249794 0.011478389613330364
8.0 0.5322250127792358 0.6097674369812012 0.03269997984170914 0.014800645411014557
