2.0 0.02343749813735485 0.5716249942779541 0.0468749962747097 0.14018750190734863
8.0 0.02473437413573265 0.5458749532699585 0.0494687482714653 0.216000035405159
2.0 0.35307812690734863 0.6478750109672546 0.06553123891353607 0.05018750950694084
2.0 0.23921875655651093 0.5716249942779541 0.07218749821186066 0.14018750190734863
11.0 0.43837499618530273 0.5476041436195374 0.1918593943119049 0.216020867228508
8.0 0.4212343692779541 0.6722708344459534 0.18882814049720764 0.08475001901388168
7.0 0.44117188453674316 0.669083297252655 0.09848436713218689 0.06679169088602066
1.0 0.3517187535762787 0.6194999814033508 0.06542189419269562 0.04791665077209473
1.0 0.32926562428474426 0.5926249623298645 0.09604686498641968 0.06347918510437012
8.0 0.537765622138977 0.5458749532699585 0.6744687557220459 0.216000035405159
8.0 0.9375 0.5458749532699585 0.125 0.216000035405159
