18.0 0.9949765801429749 0.2213333398103714 0.010046880692243576 0.26064586639404297
0.0 0.643750011920929 0.8041666746139526 0.11249999701976776 0.258333295583725
17.0 0.6039062738418579 0.5732499957084656 0.019874989986419678 0.08210412412881851
10.0 0.5929843783378601 0.46941670775413513 0.010453104972839355 0.010020892135798931
10.0 0.5922343730926514 0.45139583945274353 0.01082812249660492 0.01183335017412901
10.0 0.5917187333106995 0.4296458661556244 0.010749980807304382 0.010708332061767578
10.0 0.591015636920929 0.40968751907348633 0.013281270861625671 0.010437488555908203
10.0 0.590499997138977 0.39502081274986267 0.014296889305114746 0.010000069625675678
10.0 0.5904687643051147 0.3828749656677246 0.013265624642372131 0.011979103088378906
20.0 0.6177968978881836 0.19972920417785645 0.05345311760902405 0.12679164111614227
17.0 0.5946093797683716 0.3494583070278168 0.018375009298324585 0.04756243899464607
24.0 0.5360156297683716 0.3254791796207428 0.07640623301267624 0.1431458741426468
18.0 0.7467969059944153 0.2213333398103714 0.026500001549720764 0.26064586639404297
