0.0 0.09677419066429138 0.5 0.19354838132858276 1.0
0.0 0.49071359634399414 0.5 0.3988269567489624 1.0
5.0 0.5091397762298584 0.07062613219022751 0.012091857381165028 0.04064512252807617
6.0 0.5213783383369446 0.07425041496753693 0.008328416384756565 0.029165057465434074
7.0 0.5404984951019287 0.07307394593954086 0.027008797973394394 0.04838705062866211
8.0 0.5470576882362366 0.09434539079666138 0.0879276841878891 0.10705871880054474
0.0 0.9125122427940369 0.5 0.17497554421424866 1.0
5.0 0.9999828934669495 0.07062613219022751 3.418958658585325e-05 0.04064512252807617
6.0 0.9937732219696045 0.07425041496753693 0.008328416384756565 0.029165057465434074
7.0 0.9746530055999756 0.07307394593954086 0.027008797973394394 0.04838705062866211
8.0 0.9620649814605713 0.09434539079666138 0.07587001472711563 0.10705871880054474
