0.0 0.00390625 0.3427083194255829 0.0078125 0.6854166388511658
5.0 0.009296879172325134 0.6450625061988831 0.015249989926815033 0.03150002285838127
8.0 0.008683593943715096 0.6427291631698608 0.01736718788743019 0.10489583015441895
0.0 0.48749998211860657 0.3427083194255829 0.49062496423721313 0.6854166388511658
13.0 0.5608906149864197 0.9971302151679993 0.31187501549720764 0.005739589687436819
5.0 0.24070312082767487 0.6450625061988831 0.015249989926815033 0.03150002285838127
5.0 0.36048439145088196 0.7046666741371155 0.04389064013957977 0.04772917553782463
5.0 0.40687501430511475 0.42600002884864807 0.01687498390674591 0.04604164883494377
5.0 0.5912343263626099 0.33647918701171875 0.02360934019088745 0.0688333511352539
6.0 0.42585939168930054 0.43139585852622986 0.010578140616416931 0.024812540039420128
6.0 0.6261249780654907 0.34089580178260803 0.01267191767692566 0.018729209899902344
7.0 0.655468761920929 0.2898750305175781 0.07134371995925903 0.08143743127584457
7.0 0.4704531133174896 0.4150208532810211 0.0676562637090683 0.05106242373585701
7.0 0.2958124876022339 0.6522916555404663 0.07773436605930328 0.05800000950694084
7.0 0.412171870470047 0.7252916693687439 0.11428123712539673 0.08791669458150864
8.0 0.4763749837875366 0.7397708892822266 0.27739062905311584 0.21172915399074554
8.0 0.33873438835144043 0.6427291631698608 0.21220313012599945 0.10489583015441895
8.0 0.5089062452316284 0.43283334374427795 0.22440624237060547 0.16356246173381805
8.0 0.6738437414169312 0.3386666774749756 0.18968752026557922 0.2083957940340042
8.0 0.9906562566757202 0.3386666774749756 0.018687516450881958 0.2083957940340042
