0.0 0.43611761927604675 0.46296873688697815 0.4658823013305664 0.38593748211860657
2.0 0.80971759557724 0.5269374847412109 0.043882302939891815 0.04604687914252281
2.0 0.7837411165237427 0.4929218888282776 0.03717651218175888 0.029937485232949257
6.0 0.816847026348114 0.490546852350235 0.014682365581393242 0.021468769758939743
6.0 0.8438587784767151 0.5154843926429749 0.018047017976641655 0.014875014312565327
11.0 0.8939999938011169 0.48753124475479126 0.11832939833402634 0.05034373700618744
11.0 0.9237588047981262 0.5395937561988831 0.15248233079910278 0.07003127038478851
1.0 0.9848411679267883 0.5082812309265137 0.03031768836081028 0.022078141570091248
8.0 0.8938940763473511 0.5243750214576721 0.21221178770065308 0.09925000369548798
8.0 0.8812176585197449 0.46665623784065247 0.23756471276283264 0.10531247407197952
2.0 0.5960941314697266 0.5270312428474426 0.005388147663325071 0.005203108303248882
11.0 0.6093881726264954 0.5271250009536743 0.01701175421476364 0.009250009432435036
8.0 0.6144469976425171 0.5283437371253967 0.04421171173453331 0.012515617534518242
2.0 0.6327528953552246 0.5243750214576721 0.005247048567980528 0.0057656364515423775
11.0 0.6472470164299011 0.5269062519073486 0.01927059330046177 0.00968750100582838
8.0 0.6521646976470947 0.5255625247955322 0.045505836606025696 0.012859380804002285
0.0 0.43611761927604675 0.03296874836087227 0.4658823013305664 0.06593749672174454
