0.0 0.5257812142372131 0.6891891956329346 0.09218747913837433 0.1389961540699005
24.0 0.5715781450271606 0.4371621310710907 0.07540622353553772 0.10752895474433899
24.0 0.5418750047683716 0.2956949770450592 0.06921873986721039 0.05445944145321846
14.0 0.512374997138977 0.08772202581167221 0.016140593215823174 0.00708487955853343
14.0 0.48570311069488525 0.16444015502929688 0.017687488347291946 0.006023097783327103
17.0 0.4997031092643738 0.3173358738422394 0.02287498116493225 0.027895746752619743
17.0 0.496406227350235 0.24214288592338562 0.0222031082957983 0.0332239493727684
17.0 0.5035937428474426 0.20370657742023468 0.013781244866549969 0.0214092880487442
20.0 0.4939531087875366 0.09094595909118652 0.020687498152256012 0.06326255947351456
9.0 0.5210624933242798 0.18733592331409454 0.026765620335936546 0.036409296095371246
