0.0 0.903225839138031 0.5 0.19354838132858276 1.0
0.0 0.5092864036560059 0.5 0.3988269567489624 1.0
5.0 0.4908602237701416 0.07062613219022751 0.012091857381165028 0.04064512252807617
6.0 0.4786216914653778 0.07425041496753693 0.008328416384756565 0.029165057465434074
7.0 0.4595014750957489 0.07307394593954086 0.027008797973394394 0.04838705062866211
8.0 0.4529423117637634 0.09434539079666138 0.0879276841878891 0.10705871880054474
0.0 0.08748777210712433 0.5 0.17497554421424866 1.0
5.0 1.7094793292926624e-05 0.07062613219022751 3.418958658585325e-05 0.04064512252807617
6.0 0.006226798053830862 0.07425041496753693 0.008328416384756565 0.029165057465434074
7.0 0.02534700371325016 0.07307394593954086 0.027008797973394394 0.04838705062866211
8.0 0.037935007363557816 0.09434539079666138 0.07587001472711563 0.10705871880054474
