0.0 0.9375 0.6427333354949951 0.125 0.7145333290100098
13.0 0.9750000238418579 0.0138624906539917 0.05000000074505806 0.0277249813079834
13.0 0.968625009059906 0.09626666456460953 0.03225000202655792 0.1495833396911621
13.0 0.9505624771118164 0.6074333190917969 0.01612500473856926 0.0505833625793457
17.0 0.9597499966621399 0.546333372592926 0.016999997198581696 0.049883365631103516
0.0 0.5006250143051147 0.6427333354949951 0.7487499713897705 0.7145333290100098
0.0 0.437749981880188 0.23275001347064972 0.31700000166893005 0.3411666452884674
13.0 0.7702124714851379 0.0138624906539917 0.05957500636577606 0.0277249813079834
13.0 0.781374990940094 0.09626666456460953 0.03225000575184822 0.1495833396911621
13.0 0.7994375228881836 0.6074333190917969 0.01612500473856926 0.0505833625793457
17.0 0.7902500033378601 0.546333372592926 0.016999997198581696 0.049883365631103516
11.0 0.40024998784065247 0.29018330574035645 0.02698749303817749 0.031733352690935135
8.0 0.40111249685287476 0.29196667671203613 0.03277498483657837 0.03816668316721916
0.0 0.06187500059604645 0.6427333354949951 0.1237500011920929 0.7145333290100098
