0.0 0.062255859375 0.5244755148887634 0.12451171875 0.5990676283836365
24.0 0.09120605140924454 0.727191150188446 0.18241210281848907 0.5456177592277527
2.0 0.0487695187330246 0.5188811421394348 0.0020703028421849012 0.00843821745365858
11.0 0.041376955807209015 0.5162004828453064 0.00855469424277544 0.013799494132399559
8.0 0.038291025906801224 0.5158507823944092 0.023515621200203896 0.022657275199890137
20.0 0.041298821568489075 0.502167820930481 0.019951149821281433 0.0838228240609169
13.0 0.05144532024860382 0.39813515543937683 0.016259772703051567 0.0879020094871521
13.0 0.04140624403953552 0.2753846347332001 0.02022463269531727 0.10962710529565811
13.0 0.044921875 0.14596734941005707 0.022949228063225746 0.06545444577932358
13.0 0.04339843988418579 0.09890440851449966 0.02356446534395218 0.08265725523233414
13.0 0.04487305507063866 0.03776802867650986 0.02792971022427082 0.07553605735301971
13.0 0.043291013687849045 0.006596776656806469 0.027177732437849045 0.013193553313612938
0.0 0.52099609375 0.5244755148887634 0.1289062350988388 0.5990676283836365
24.0 0.5274902582168579 0.727191150188446 0.2576953172683716 0.5456177592277527
2.0 0.5322851538658142 0.5188811421394348 0.0020703028421849012 0.00843821745365858
11.0 0.5396777391433716 0.5162004828453064 0.008554695174098015 0.013799494132399559
8.0 0.5427636504173279 0.5158507823944092 0.023515621200203896 0.022657275199890137
20.0 0.5397558808326721 0.502167820930481 0.019951149821281433 0.0838228240609169
13.0 0.5296093821525574 0.39813515543937683 0.016259772703051567 0.0879020094871521
13.0 0.5396484136581421 0.2753846347332001 0.02022463269531727 0.10962710529565811
13.0 0.5361328125 0.14596734941005707 0.022949228063225746 0.06545444577932358
13.0 0.5376562476158142 0.09890440851449966 0.02356446534395218 0.08265725523233414
13.0 0.536181628704071 0.03776802867650986 0.02792971022427082 0.07553605735301971
13.0 0.5377636551856995 0.006596776656806469 0.027177732437849045 0.013193553313612938
0.0 0.89794921875 0.5244755148887634 0.1289062350988388 0.5990676283836365
24.0 0.8813037276268005 0.727191150188446 0.2373925894498825 0.5456177592277527
2.0 0.8866601586341858 0.5188811421394348 0.0020703028421849012 0.00843821745365858
11.0 0.8792675733566284 0.5162004828453064 0.008554695174098015 0.013799494132399559
8.0 0.8761816620826721 0.5158507823944092 0.023515621200203896 0.022657275199890137
20.0 0.8791894316673279 0.502167820930481 0.019951149821281433 0.0838228240609169
13.0 0.8893359303474426 0.39813515543937683 0.016259772703051567 0.0879020094871521
13.0 0.8792968988418579 0.2753846347332001 0.02022463269531727 0.10962710529565811
13.0 0.8828125 0.14596734941005707 0.022949228063225746 0.06545444577932358
13.0 0.8812890648841858 0.09890440851449966 0.02356446534395218 0.08265725523233414
13.0 0.882763683795929 0.03776802867650986 0.02792971022427082 0.07553605735301971
13.0 0.8811816573143005 0.006596776656806469 0.027177732437849045 0.013193553313612938
