4.0 0.6106759309768677 0.9680325388908386 0.46590742468833923 0.06393489241600037
5.0 0.9600092768669128 0.9560481905937195 0.0799814835190773 0.08790364861488342
7.0 0.16821067035198212 0.890625 0.33642134070396423 0.21875
8.0 0.5 0.890625 1.0 0.21875
4.0 0.6106759309768677 0.47237497568130493 0.46590742468833923 0.3081198036670685
5.0 0.9600092768669128 0.4984895586967468 0.0799814835190773 0.3038281500339508
7.0 0.16821067035198212 0.5 0.33642134070396423 0.5625
8.0 0.5 0.5 1.0 0.5625
4.0 0.6106759309768677 0.059592463076114655 0.46590742468833923 0.11918492615222931
5.0 0.9600092768669128 0.04546225070953369 0.0799814835190773 0.09092450141906738
7.0 0.16821067035198212 0.109375 0.33642134070396423 0.21875
8.0 0.5 0.109375 1.0 0.21875
