4.0 0.4907870292663574 0.9821888208389282 0.4739166796207428 0.03562239557504654
5.0 0.08624998480081558 0.9525755047798157 0.17249996960163116 0.09484894573688507
7.0 0.8271597027778625 0.8970208168029785 0.3456805646419525 0.20595833659172058
8.0 0.5 0.890625 1.0 0.21875
4.0 0.4907870292663574 0.4399062693119049 0.4739166796207428 0.31643229722976685
5.0 0.08624998480081558 0.4858437478542328 0.17249996960163116 0.34301042556762695
7.0 0.8271597027778625 0.4936041831970215 0.3456805646419525 0.549708366394043
8.0 0.5 0.5 1.0 0.5625
4.0 0.4907870292663574 0.07790493965148926 0.4739166796207428 0.15580987930297852
5.0 0.08624998480081558 0.061580732464790344 0.17249996960163116 0.12316146492958069
7.0 0.8271597027778625 0.109375 0.3456805646419525 0.21875
8.0 0.5 0.109375 1.0 0.21875
