4.0 0.382500022649765 0.9746106863021851 0.5070370435714722 0.05077865719795227
2.0 0.05900462344288826 0.9786171913146973 0.11800924688577652 0.04276563972234726
7.0 0.8393518924713135 0.9028645753860474 0.3212962746620178 0.19427081942558289
8.0 0.5 0.8918125033378601 1.0 0.21637499332427979
4.0 0.382500022649765 0.47715625166893005 0.5070370435714722 0.27224481105804443
2.0 0.05900462344288826 0.4871771037578583 0.11800924688577652 0.23617708683013916
7.0 0.8393518924713135 0.48776042461395264 0.3212962746620178 0.5380208492279053
8.0 0.5 0.4988124966621399 1.0 0.5601249933242798
4.0 0.382500022649765 0.04823307320475578 0.5070370435714722 0.09646614640951157
2.0 0.05900462344288826 0.03420572355389595 0.11800924688577652 0.0684114471077919
7.0 0.8393518924713135 0.109375 0.3212962746620178 0.21875
8.0 0.5 0.109375 1.0 0.21875
