4.0 0.4807315170764923 0.9913639426231384 0.4985000193119049 0.017272114753723145
5.0 0.1560972034931183 0.9991757869720459 0.10849073529243469 0.0016484316438436508
7.0 0.8981481194496155 0.8910156488418579 0.20370377600193024 0.21796873211860657
8.0 0.5486111044883728 0.8910156488418579 0.9027777910232544 0.21796873211860657
4.0 0.4807315170764923 0.43345052003860474 0.4985000193119049 0.2926432192325592
5.0 0.1560972034931183 0.4537005126476288 0.10849073529243469 0.22089585661888123
7.0 0.8981481194496155 0.4996093809604645 0.20370377600193024 0.561718761920929
8.0 0.5486111044883728 0.4996093809604645 0.9027777910232544 0.561718761920929
4.0 0.4807315170764923 0.07518555223941803 0.4985000193119049 0.15037110447883606
5.0 0.1560972034931183 0.04712371155619621 0.10849073529243469 0.09424742311239243
7.0 0.8981481194496155 0.109375 0.20370377600193024 0.21875
8.0 0.5486111044883728 0.109375 0.9027777910232544 0.21875
