4.0 0.6109999418258667 0.9933750033378601 0.38249996304512024 0.013249974697828293
5.0 0.15182870626449585 0.9603893160820007 0.3036574125289917 0.07922135293483734
7.0 0.8935185670852661 0.890625 0.21296289563179016 0.21875
8.0 0.5 0.890625 1.0 0.21875
4.0 0.6109999418258667 0.4366614520549774 0.38249996304512024 0.27817705273628235
5.0 0.15182870626449585 0.4729270935058594 0.3036574125289917 0.33758851885795593
7.0 0.8935185670852661 0.5 0.21296289563179016 0.5625
8.0 0.5 0.5 1.0 0.5625
4.0 0.6109999418258667 0.06996354460716248 0.38249996304512024 0.13992708921432495
5.0 0.15182870626449585 0.06668359041213989 0.3036574125289917 0.13336718082427979
7.0 0.8935185670852661 0.109375 0.21296289563179016 0.21875
8.0 0.5 0.109375 1.0 0.21875
