2.0 0.986186683177948 0.8679800033569336 0.023046672344207764 0.044889986515045166
6.0 0.9995533227920532 0.8516199588775635 0.000893324613571167 0.021600008010864258
11.0 0.9941016435623169 0.8411099910736084 0.011796672828495502 0.09674001485109329
8.0 0.9873083233833313 0.8293499946594238 0.02538333274424076 0.12255001813173294
2.0 0.6804800033569336 0.8679800033569336 0.023046672344207764 0.044889986515045166
2.0 0.6161666512489319 0.7059100270271301 0.02456001378595829 0.03169003129005432
2.0 0.519599974155426 0.6090700030326843 0.0212399959564209 0.02935999631881714
2.0 0.5387666821479797 0.7333399653434753 0.024686655029654503 0.03282997012138367
6.0 0.6638399958610535 0.8516199588775635 0.007440000772476196 0.021600008010864258
1.0 0.6381000280380249 0.7884799838066101 0.01535332202911377 0.014560014009475708
1.0 0.6000666618347168 0.8579300045967102 0.0176466703414917 0.014329969882965088
1.0 0.5739200115203857 0.7254199981689453 0.008606672286987305 0.018009960651397705
1.0 0.5850733518600464 0.6607999801635742 0.0102933244779706 0.015249967575073242
1.0 0.48317334055900574 0.6334199905395508 0.005213340278714895 0.008679986000061035
1.0 0.4893133342266083 0.7249699831008911 0.016933361068367958 0.020240038633346558
1.0 0.5186266899108887 0.6794400215148926 0.0071866512298583984 0.011290043592453003
1.0 0.5011600255966187 0.5725399851799011 0.011013329029083252 0.013089984655380249
1.0 0.3976133167743683 0.5163499712944031 0.004766702651977539 0.005480021238327026
2.0 0.3935333490371704 0.5333999991416931 0.01960667036473751 0.027530014514923096
2.0 0.38504669070243835 0.4415000379085541 0.019646644592285156 0.023630082607269287
11.0 0.3801800012588501 0.4493200182914734 0.034513313323259354 0.051849961280822754
11.0 0.5107333064079285 0.6147199869155884 0.03545331954956055 0.04718998074531555
11.0 0.528439998626709 0.7238200306892395 0.04928000643849373 0.07593002915382385
11.0 0.6005799770355225 0.7069100141525269 0.04652667045593262 0.062050044536590576
11.0 0.6459266543388367 0.8411099910736084 0.06507333368062973 0.09674001485109329
8.0 0.6255466938018799 0.8293499946594238 0.13300664722919464 0.12255001813173294
8.0 0.5788000226020813 0.6981300115585327 0.09984000772237778 0.0903799831867218
8.0 0.5144733190536499 0.7027999758720398 0.07719999551773071 0.11872002482414246
8.0 0.49790000915527344 0.6065700054168701 0.06266665458679199 0.07965999841690063
8.0 0.38177335262298584 0.5357400178909302 0.05183331295847893 0.045919954776763916
8.0 0.3711666762828827 0.44892001152038574 0.05305330082774162 0.054950058460235596
