2.0 0.6015666723251343 0.9715800285339355 0.018773317337036133 0.03488999605178833
2.0 0.5983533263206482 0.8606100082397461 0.012813329696655273 0.029679983854293823
2.0 0.601746678352356 0.7699599862098694 0.009833335876464844 0.015269994735717773
2.0 0.6107133626937866 0.7936000227928162 0.0185799989849329 0.03512996435165405
2.0 0.5929666757583618 0.7870500087738037 0.023593345656991005 0.061079978942871094
2.0 0.6005933284759521 0.6608500480651855 0.014999985694885254 0.03308004140853882
2.0 0.5958666801452637 0.5861899852752686 0.02540667913854122 0.0642399787902832
2.0 0.5902933478355408 0.5200799703598022 0.011786659248173237 0.02216997742652893
2.0 0.5899933576583862 0.5016099810600281 0.011439998634159565 0.023400038480758667
2.0 0.594486653804779 0.4563399851322174 0.018640002235770226 0.043939948081970215
2.0 0.6114533543586731 0.3958100378513336 0.014239986427128315 0.03356999158859253
2.0 0.6276666522026062 0.33869999647140503 0.025619983673095703 0.053510069847106934
2.0 0.5924266576766968 0.353270024061203 0.04466668888926506 0.09150999784469604
2.0 0.576479971408844 0.26256003975868225 0.014653325080871582 0.027209937572479248
2.0 0.5834000110626221 0.2312600016593933 0.0058333477936685085 0.01603996753692627
11.0 0.5686399936676025 0.23490002751350403 0.017806649208068848 0.018230080604553223
1.0 0.5131333470344543 0.25512996315956116 0.013726671226322651 0.019890010356903076
1.0 0.4761866629123688 0.29987001419067383 0.024473348632454872 0.018819987773895264
1.0 0.3872400224208832 0.35517001152038574 0.04937998577952385 0.04062992334365845
1.0 0.48963332176208496 0.4178600311279297 0.017926692962646484 0.014419913291931152
1.0 0.5320866703987122 0.5097299814224243 0.006699999328702688 0.00962001085281372
1.0 0.5318466424942017 0.5083299875259399 0.007886648178100586 0.011369973421096802
1.0 0.5726600289344788 0.9206600189208984 0.019593318924307823 0.057239994406700134
1.0 0.5309133529663086 0.7304199934005737 0.011160016059875488 0.013510018587112427
1.0 0.47194668650627136 0.7359399795532227 0.021713336929678917 0.02457001805305481
1.0 0.5159000158309937 0.7016099691390991 0.015226681716740131 0.016400009393692017
1.0 0.5183266401290894 0.2296300232410431 0.013173341751098633 0.018249928951263428
1.0 0.5189333558082581 0.2233700156211853 0.012666662223637104 0.013919949531555176
1.0 0.5333733558654785 0.18612995743751526 0.016066670417785645 0.016829967498779297
1.0 0.5341333150863647 0.16889998316764832 0.011733333580195904 0.03337991237640381
1.0 0.5529733300209045 0.0056900084018707275 0.009146650321781635 0.011380016803741455
1.0 0.4936399757862091 0.06652998924255371 0.016933342441916466 0.016029953956604004
1.0 0.5164666771888733 0.011480003595352173 0.014080007560551167 0.022960007190704346
1.0 0.5097200274467468 0.005165010690689087 0.01004000473767519 0.010330021381378174
2.0 0.5845000147819519 0.20883002877235413 0.015246669761836529 0.034729957580566406
2.0 0.596613347530365 0.149370014667511 0.017073312774300575 0.04182994365692139
2.0 0.5873266458511353 0.06175002455711365 0.015039999969303608 0.031620025634765625
2.0 0.5821866393089294 0.00673249363899231 0.014419992454349995 0.01346498727798462
11.0 0.5310133099555969 0.019237488508224487 0.05858667567372322 0.038474977016448975
11.0 0.5330666899681091 0.05973997712135315 0.06599334627389908 0.04291999340057373
11.0 0.5376600027084351 0.14360997080802917 0.07013332843780518 0.07880991697311401
11.0 0.5385133624076843 0.20291996002197266 0.06054000183939934 0.06381994485855103
11.0 0.5369066596031189 0.2541300356388092 0.05164666846394539 0.04776996374130249
11.0 0.5636199712753296 0.40415000915527344 0.0509466715157032 0.046829938888549805
11.0 0.549393355846405 0.49991998076438904 0.045453350991010666 0.05164003372192383
11.0 0.553659975528717 0.5209900140762329 0.03509998321533203 0.011330008506774902
11.0 0.5512933135032654 0.6230700016021729 0.014386653900146484 0.024430006742477417
11.0 0.5519866943359375 0.6618000268936157 0.05845332145690918 0.08243000507354736
11.0 0.555786669254303 0.7483800053596497 0.05692001059651375 0.026600003242492676
11.0 0.5603466629981995 0.7940700054168701 0.04233332350850105 0.07790002226829529
11.0 0.5569533109664917 0.8537999987602234 0.05155332759022713 0.05388001352548599
11.0 0.5244733095169067 0.7947299480438232 0.09105334430932999 0.10385003685951233
11.0 0.5193333625793457 0.5819299817085266 0.1007266417145729 0.11489000916481018
11.0 0.5409866571426392 0.44836997985839844 0.06468665599822998 0.0938299298286438
11.0 0.5566733479499817 0.30720996856689453 0.08332666009664536 0.06497007608413696
11.0 0.46917998790740967 0.3635199964046478 0.1549733430147171 0.12568992376327515
6.0 0.5871400237083435 0.9724600315093994 0.010566671378910542 0.010210007429122925
11.0 0.5573533177375793 0.9770349860191345 0.06043998524546623 0.04592999815940857
6.0 0.5817266702651978 0.8589800000190735 0.008053342811763287 0.0180799663066864
6.0 0.5695533156394958 0.7786799669265747 0.011800010688602924 0.02776998281478882
6.0 0.5827000141143799 0.6604399681091309 0.008533318527042866 0.018780022859573364
6.0 0.5680466890335083 0.602180004119873 0.012386679649353027 0.010750025510787964
6.0 0.5774999856948853 0.5204499959945679 0.006219983100891113 0.009669989347457886
6.0 0.5770866870880127 0.5013500452041626 0.0058333477936685085 0.014229968190193176
6.0 0.5755733251571655 0.45789003372192383 0.009460012428462505 0.024790048599243164
2.0 0.5801266431808472 0.4730900228023529 0.010660012252628803 0.008040010929107666
6.0 0.5952000021934509 0.39751002192497253 0.007779995445162058 0.018279969692230225
6.0 0.5593933463096619 0.3865100145339966 0.01757999323308468 0.009370028972625732
6.0 0.5632266402244568 0.26385000348091125 0.006266673561185598 0.011959969997406006
6.0 0.5672133564949036 0.20886999368667603 0.00785998534411192 0.01826995611190796
6.0 0.5775933265686035 0.14961999654769897 0.008446653373539448 0.025870084762573242
4.0 0.5723000168800354 0.05720001459121704 0.012979984283447266 0.01072007417678833
6.0 0.5659133195877075 0.004462495446205139 0.00878000259399414 0.008924990892410278
8.0 0.5067733526229858 0.02150498330593109 0.16584669053554535 0.04300996661186218
8.0 0.506986677646637 0.045599982142448425 0.1763266772031784 0.09119996428489685
8.0 0.5096266269683838 0.14940997958183289 0.19226668775081635 0.08811002969741821
8.0 0.5735333561897278 0.23110997676849365 0.026260018348693848 0.024719953536987305
8.0 0.5136866569519043 0.20761999487876892 0.15747332572937012 0.07169008255004883
8.0 0.5178266763687134 0.2560400366783142 0.13464665412902832 0.049810051918029785
8.0 0.497246652841568 0.3161900043487549 0.2863466739654541 0.09466999769210815
8.0 0.5710066556930542 0.40449002385139465 0.09715334326028824 0.050570011138916016
8.0 0.5022333264350891 0.44953006505966187 0.20552664995193481 0.10922996699810028
8.0 0.5328800082206726 0.5004299879074097 0.12673334777355194 0.053690046072006226
8.0 0.5391866564750671 0.5146399736404419 0.11496001482009888 0.03401997685432434
8.0 0.47480666637420654 0.5815100073814392 0.2695533335208893 0.12151998281478882
8.0 0.5257666707038879 0.6668400168418884 0.16679330170154572 0.08962002396583557
8.0 0.5485866665840149 0.7504799962043762 0.11781998723745346 0.05232998728752136
8.0 0.5751533508300781 0.7858799695968628 0.09385335445404053 0.10028001666069031
8.0 0.54721999168396 0.8583099842071533 0.11806664615869522 0.06540998071432114
8.0 0.5419866442680359 0.9651774764060974 0.13852667808532715 0.06964501738548279
8.0 0.4810999929904938 0.8327699899673462 0.2486266940832138 0.2290000319480896
8.0 0.40977996587753296 0.36107999086380005 0.4155866801738739 0.12626999616622925
8.0 0.0656733512878418 0.36107999086380005 0.1313467025756836 0.12626999616622925
