4.0 0.5668518543243408 0.9683020710945129 0.4616296589374542 0.06339583545923233
5.0 0.11302778124809265 0.9661210775375366 0.2260555624961853 0.06775780767202377
7.0 0.9027777910232544 0.8987551927566528 0.1944444477558136 0.20248958468437195
8.0 0.5 0.8935468792915344 1.0 0.21290625631809235
4.0 0.5668518543243408 0.4931979179382324 0.4616296589374542 0.265395849943161
5.0 0.11302778124809265 0.49330729246139526 0.2260555624961853 0.2739010453224182
7.0 0.9027777910232544 0.4918697774410248 0.1944444477558136 0.5462395548820496
8.0 0.5 0.4970781207084656 1.0 0.5566562414169312
4.0 0.5668518543243408 0.03850000724196434 0.4616296589374542 0.07700001448392868
5.0 0.11302778124809265 0.04057161137461662 0.2260555624961853 0.08114322274923325
7.0 0.9027777910232544 0.109375 0.1944444477558136 0.21875
8.0 0.5 0.109375 1.0 0.21875
