5.0 0.004831022582948208 0.9716159105300903 0.009662045165896416 0.05676821246743202
6.0 0.36146295070648193 0.9768815040588379 0.33403703570365906 0.04623696953058243
7.0 0.8361110687255859 0.8950520753860474 0.3277778625488281 0.20989581942558289
8.0 0.5 0.890625 1.0 0.21875
5.0 0.004831022582948208 0.49439582228660583 0.009662045165896416 0.24974477291107178
6.0 0.36146295070648193 0.47530728578567505 0.33403703570365906 0.26685935258865356
7.0 0.8361110687255859 0.49557292461395264 0.3277778625488281 0.5536458492279053
8.0 0.5 0.5 1.0 0.5625
5.0 0.004831022582948208 0.03398828208446503 0.009662045165896416 0.06797656416893005
6.0 0.36146295070648193 0.04781119525432587 0.33403703570365906 0.09562239050865173
7.0 0.8361110687255859 0.109375 0.3277778625488281 0.21875
8.0 0.5 0.109375 1.0 0.21875
