8.0 0.5 0.890625 1.0 0.21875
7.0 0.0902777761220932 0.890625 0.1805555522441864 0.21875
4.0 0.4042870104312897 0.9627330899238586 0.34138891100883484 0.0745338574051857
5.0 0.9097199440002441 0.9422968626022339 0.1805601716041565 0.11540624499320984
8.0 0.5 0.5 1.0 0.5625
7.0 0.0902777761220932 0.5002604126930237 0.1805555522441864 0.5619791746139526
4.0 0.4042870104312897 0.5131145715713501 0.34138891100883484 0.24783855676651
5.0 0.9097199440002441 0.5261614918708801 0.1805601716041565 0.3034895658493042
8.0 0.5 0.109375 1.0 0.21875
7.0 0.0902777761220932 0.10911459475755692 0.1805555522441864 0.21822918951511383
4.0 0.4042870104312897 0.024152351543307304 0.34138891100883484 0.04830470308661461
5.0 0.9097199440002441 0.03154165297746658 0.1805601716041565 0.06308330595493317
