4.0 0.30016666650772095 0.966783881187439 0.30851852893829346 0.06643229722976685
5.0 0.7104537487030029 0.9551796913146973 0.30748143792152405 0.08964063227176666
7.0 0.13580322265625 0.9022291898727417 0.2716064453125 0.19554166495800018
8.0 0.4367291331291199 0.890625 0.8734582662582397 0.21875
4.0 0.30016666650772095 0.5182499885559082 0.30851852893829346 0.2213645726442337
5.0 0.7104537487030029 0.5152343511581421 0.30748143792152405 0.27381250262260437
7.0 0.13580322265625 0.526213526725769 0.2716064453125 0.4636562466621399
8.0 0.4367291331291199 0.5 0.8734582662582397 0.5625
4.0 0.30016666650772095 0.014966137707233429 0.30851852893829346 0.029932275414466858
5.0 0.7104537487030029 0.029585937038064003 0.30748143792152405 0.059171874076128006
7.0 0.13580322265625 0.07155729830265045 0.2716064453125 0.1431145966053009
8.0 0.4367291331291199 0.109375 0.8734582662582397 0.21875
