4.0 0.5341203212738037 0.9514908790588379 0.45136111974716187 0.09701822698116302
5.0 0.10316205024719238 0.9551810026168823 0.20632410049438477 0.08963800966739655
7.0 0.8780856728553772 0.9143801927566528 0.2438286691904068 0.17123958468437195
8.0 0.5 0.890625 1.0 0.21875
4.0 0.5341203212738037 0.5203593969345093 0.45136111974716187 0.2783176898956299
5.0 0.10316205024719238 0.4926406145095825 0.20632410049438477 0.31899479031562805
7.0 0.8780856728553772 0.4762447774410248 0.2438286691904068 0.5149895548820496
8.0 0.5 0.5 1.0 0.5625
4.0 0.5341203212738037 0.02814973145723343 0.45136111974716187 0.05629946291446686
5.0 0.10316205024719238 0.052178382873535156 0.20632410049438477 0.10435676574707031
7.0 0.8780856728553772 0.109375 0.2438286691904068 0.21875
8.0 0.5 0.109375 1.0 0.21875
