2.0 0.7164422869682312 0.15197116136550903 0.0691586583852768 0.08079326152801514
8.0 0.1617547869682312 0.7341827154159546 0.3234856128692627 0.3002644181251526
11.0 0.5221153497695923 0.3668028712272644 0.13502401113510132 0.06062495708465576
4.0 0.5980769395828247 0.3890625238418579 0.034615397453308105 0.018701910972595215
4.0 0.635360598564148 0.13706731796264648 0.0459134578704834 0.028149008750915527
4.0 0.694855809211731 0.9272836446762085 0.02134615182876587 0.02197115123271942
4.0 0.7171634435653687 0.9009615182876587 0.017572104930877686 0.024134621024131775
4.0 0.7285096049308777 0.6845192313194275 0.02134615182876587 0.02432692050933838
4.0 0.6646153926849365 0.809374988079071 0.021730780601501465 0.022187501192092896
4.0 0.5946394205093384 0.6982932686805725 0.02944713830947876 0.03040868043899536
4.0 0.7023798227310181 0.49737977981567383 0.027908623218536377 0.03322112560272217
5.0 0.8566105961799622 0.5190625190734863 0.010312497615814209 0.018677890300750732
5.0 0.8446634411811829 0.6230047941207886 0.010216355323791504 0.015120208263397217
5.0 0.7652403712272644 0.9262499809265137 0.015216350555419922 0.016802892088890076
5.0 0.7698798179626465 0.9381250143051147 0.013125002384185791 0.014687497168779373
5.0 0.7517307996749878 0.9057692289352417 0.02778846025466919 0.03612980246543884
5.0 0.7643990516662598 0.9831249713897705 0.016874998807907104 0.023269232362508774
5.0 0.7255288362503052 0.942884624004364 0.02730768918991089 0.04122595861554146
5.0 0.6995192170143127 0.8173317313194275 0.04084134101867676 0.054326921701431274
5.0 0.7639904022216797 0.826971173286438 0.020120203495025635 0.023028850555419922
5.0 0.7719471454620361 0.793341338634491 0.023293256759643555 0.02987980842590332
5.0 0.7784374952316284 0.6836779117584229 0.03449520468711853 0.04764425754547119
5.0 0.655144214630127 0.7035336494445801 0.05750000476837158 0.07762020826339722
5.0 0.7590144276618958 0.4945913553237915 0.04925481975078583 0.067620187997818
7.0 0.6347596049308777 0.48461538553237915 0.12233173847198486 0.07076922059059143
7.0 0.8270673155784607 0.5183653831481934 0.028557687997817993 0.022451937198638916
7.0 0.811346173286438 0.620192289352417 0.031177878379821777 0.025552868843078613
7.0 0.6716105937957764 0.6551201939582825 0.10389423370361328 0.061466336250305176
7.0 0.49899035692214966 0.7370192408561707 0.1750721037387848 0.08278846740722656
7.0 0.6980288028717041 0.7771154046058655 0.07990384101867676 0.045865386724472046
7.0 0.5988221168518066 0.8295192122459412 0.12927883863449097 0.051586538553237915
7.0 0.7249279022216797 0.8154807686805725 0.021274030208587646 0.031586527824401855
7.0 0.6623076796531677 0.9003124833106995 0.07923078536987305 0.05185096710920334
7.0 0.6410096287727356 0.9486538171768188 0.08576923608779907 0.051346153020858765
7.0 0.7402163743972778 0.9681971073150635 0.02194710075855255 0.019423075020313263
8.0 0.6972836256027222 0.9918990135192871 0.16312497854232788 0.016201922670006752
8.0 0.75411057472229 0.9851682782173157 0.051899030804634094 0.01918269321322441
8.0 0.7293750047683716 0.970600962638855 0.036466360092163086 0.02665865235030651
8.0 0.5413461923599243 0.9357451796531677 0.4004567265510559 0.08915865421295166
8.0 0.7683894038200378 0.9401922821998596 0.023341357707977295 0.010528843849897385
8.0 0.766899049282074 0.9289663434028625 0.0239182710647583 0.0162019282579422
8.0 0.5707211494445801 0.8916345834732056 0.39221155643463135 0.06918269395828247
8.0 0.5206971168518066 0.8357211351394653 0.396129846572876 0.08730769157409668
8.0 0.7482211589813232 0.8229567408561707 0.049230754375457764 0.052716344594955444
8.0 0.7248557806015015 0.7684856057167053 0.12483173608779907 0.07992787659168243
8.0 0.505961537361145 0.7103846073150635 0.3654567003250122 0.1552884578704834
8.0 0.6836779117584229 0.650745153427124 0.22879809141159058 0.11831730604171753
8.0 0.7898076772689819 0.6200000047683716 0.12228366732597351 0.0307692289352417
8.0 0.8194471001625061 0.5136057734489441 0.08944711089134216 0.0271875262260437
8.0 0.6514903903007507 0.47987979650497437 0.2643028497695923 0.12346151471138
8.0 0.4930769205093384 0.35872596502304077 0.3383653461933136 0.0797356367111206
8.0 0.543749988079071 0.16725963354110718 0.4389423131942749 0.16699516773223877
2.0 0.6449519395828247 0.3781730532646179 0.049038469791412354 0.038413405418395996
11.0 0.49348556995391846 0.16968750953674316 0.2533893883228302 0.11887013912200928
