4.0 0.7065647840499878 0.9135130047798157 0.5180740356445312 0.17297396063804626
5.0 0.10395601391792297 0.8952851295471191 0.20791202783584595 0.20942969620227814
8.0 0.5 0.890625 1.0 0.21875
7.0 0.9166666865348816 0.890625 0.1666666716337204 0.21875
4.0 0.7065647840499878 0.5394322872161865 0.5180740356445312 0.3920833170413971
5.0 0.10395601391792297 0.5371978878974915 0.20791202783584595 0.4694635570049286
8.0 0.5 0.5 1.0 0.5625
7.0 0.9166666865348816 0.5 0.1666666716337204 0.5625
4.0 0.7065647840499878 0.047054678201675415 0.5180740356445312 0.09410935640335083
5.0 0.10395601391792297 0.06751693040132523 0.20791202783584595 0.13503386080265045
8.0 0.5 0.109375 1.0 0.21875
7.0 0.9166666865348816 0.109375 0.1666666716337204 0.21875
