7.0 0.32692307233810425 0.9519230723381042 0.254807710647583 0.09615384787321091
7.0 0.32336539030075073 0.8762019276618958 0.22495192289352417 0.0719471126794815
7.0 0.33194711804389954 0.809374988079071 0.19843751192092896 0.054831743240356445
7.0 0.3140384554862976 0.7496153712272644 0.15165865421295166 0.08036059141159058
7.0 0.35091346502304077 0.647163450717926 0.1817307472229004 0.10394227504730225
7.0 0.34680289030075073 0.44168269634246826 0.2936779260635376 0.14117789268493652
7.0 0.348870187997818 0.21930289268493652 0.3043749928474426 0.1379326581954956
1.0 0.4915144145488739 0.013942301273345947 0.017115414142608643 0.026394248008728027
1.0 0.46591347455978394 0.18427884578704834 0.07516825199127197 0.03973555564880371
1.0 0.3499278724193573 0.31276440620422363 0.08798074722290039 0.04062497615814209
1.0 0.9463461637496948 0.7824279069900513 0.10730767250061035 0.078125
1.0 0.9375 0.8605769276618958 0.125 0.07692307233810425
11.0 0.6012740135192871 0.8911297917366028 0.2082211673259735 0.21774038672447205
11.0 0.7099519371986389 0.6460817456245422 0.4212019443511963 0.15115386247634888
4.0 0.6029807925224304 0.5628606081008911 0.04120194911956787 0.014639437198638916
2.0 0.5532451868057251 0.5484615564346313 0.06189906597137451 0.041249990463256836
2.0 0.5382692217826843 0.40572112798690796 0.08658656477928162 0.07105767726898193
11.0 0.7891346216201782 0.44884616136550903 0.29985570907592773 0.1793268918991089
10.0 0.9202644228935242 0.413485586643219 0.15947115421295166 0.06427884101867676
8.0 0.6821874976158142 0.5474759340286255 0.3241586685180664 0.04980766773223877
8.0 0.7487980723381042 0.4507211446762085 0.5024038553237915 0.1850961446762085
8.0 0.7496634721755981 0.6985816955566406 0.5006489753723145 0.24584132432937622
8.0 0.7487980723381042 0.890625 0.5024038553237915 0.21875
8.0 0.3245432674884796 0.6505769491195679 0.26230770349502563 0.1145673394203186
8.0 0.43911057710647583 0.015216350555419922 0.12206733226776123 0.030408620834350586
8.0 0.289326936006546 0.24048078060150146 0.4235096573829651 0.2048797607421875
8.0 0.2767307758331299 0.4444471001625061 0.43764424324035645 0.2208653688430786
4.0 0.22043271362781525 0.3657692074775696 0.0715625137090683 0.061370253562927246
4.0 0.1812259554862976 0.18091344833374023 0.04776442050933838 0.046442270278930664
4.0 0.17980769276618958 0.9305769205093384 0.04278844594955444 0.055000003427267075
4.0 0.20338942110538483 0.8566826581954956 0.04617789387702942 0.04110577702522278
4.0 0.22576923668384552 0.8232211470603943 0.04507210850715637 0.020576924085617065
4.0 0.23266826570034027 0.7864182591438293 0.034831732511520386 0.033004820346832275
4.0 0.22879807651042938 0.7390384674072266 0.03146633505821228 0.03600960969924927
4.0 0.2532932758331299 0.6384375095367432 0.036754801869392395 0.03612983226776123
5.0 0.20252403616905212 0.6235576868057251 0.022620201110839844 0.03966343402862549
5.0 0.1747596114873886 0.7373557686805725 0.021730780601501465 0.045889437198638916
5.0 0.17713941633701324 0.7878124713897705 0.022115379571914673 0.043317317962646484
5.0 0.13427884876728058 0.8562018871307373 0.03254806995391846 0.05298077315092087
5.0 0.10697115212678909 0.9352403879165649 0.030384615063667297 0.06098558008670807
