4.0 0.5369629263877869 0.9582187533378601 0.4616296589374542 0.08356249332427979
5.0 0.10669907182455063 0.9517070055007935 0.21339814364910126 0.0965859442949295
7.0 0.9027777910232544 0.8987551927566528 0.1944444477558136 0.20248958468437195
8.0 0.5 0.890625 1.0 0.21875
4.0 0.5369629263877869 0.5133645534515381 0.4616296589374542 0.265395849943161
5.0 0.10669907182455063 0.5221354365348816 0.21339814364910126 0.2739010453224182
7.0 0.9027777910232544 0.4918697774410248 0.1944444477558136 0.5462395548820496
8.0 0.5 0.5 1.0 0.5625
4.0 0.5369629263877869 0.028416678309440613 0.4616296589374542 0.056833356618881226
5.0 0.10669907182455063 0.026157554239034653 0.21339814364910126 0.052315108478069305
7.0 0.9027777910232544 0.109375 0.1944444477558136 0.21875
8.0 0.5 0.109375 1.0 0.21875
