4.0 0.486518532037735 0.980230450630188 0.43126848340034485 0.03953906148672104
5.0 0.920914351940155 0.9751445651054382 0.15817128121852875 0.049710918217897415
7.0 0.16527779400348663 0.9299479126930237 0.33055558800697327 0.14010415971279144
8.0 0.5 0.890625 1.0 0.21875
4.0 0.486518532037735 0.46427083015441895 0.43126848340034485 0.2755364775657654
5.0 0.920914351940155 0.4678437411785126 0.15817128121852875 0.2887343764305115
7.0 0.16527779400348663 0.4606770873069763 0.33055558800697327 0.48385417461395264
8.0 0.5 0.5 1.0 0.5625
4.0 0.486518532037735 0.05549870803952217 0.43126848340034485 0.11099741607904434
5.0 0.920914351940155 0.05701172351837158 0.15817128121852875 0.11402344703674316
7.0 0.16527779400348663 0.109375 0.33055558800697327 0.21875
8.0 0.5 0.109375 1.0 0.21875
