7.0 0.8595671057701111 0.890625 0.28086578845977783 0.21875
4.0 0.3637315034866333 0.9699375033378601 0.5114166736602783 0.060124997049570084
5.0 0.04325463995337486 0.9838255047798157 0.08650927990674973 0.03234894573688507
8.0 0.5 0.890625 1.0 0.21875
7.0 0.8595671057701111 0.5 0.28086578845977783 0.5625
4.0 0.3637315034866333 0.4859270751476288 0.5114166736602783 0.273395836353302
5.0 0.04325463995337486 0.4855208396911621 0.08650927990674973 0.21865622699260712
8.0 0.5 0.5 1.0 0.5625
7.0 0.8595671057701111 0.109375 0.28086578845977783 0.21875
4.0 0.3637315034866333 0.04413541406393051 0.5114166736602783 0.08827082812786102
5.0 0.04325463995337486 0.030653640627861023 0.08650927990674973 0.061307281255722046
8.0 0.5 0.109375 1.0 0.21875
