6.0 0.3939629793167114 0.9951106905937195 0.3216667175292969 0.009778643026947975
7.0 0.11265511065721512 0.9013593792915344 0.22531022131443024 0.19728127121925354
8.0 0.42916667461395264 0.890625 0.8583333492279053 0.21875
5.0 0.7593796253204346 0.4150885343551636 0.1920277327299118 0.21974998712539673
6.0 0.3939629793167114 0.45550522208213806 0.3216667175292969 0.23354686796665192
7.0 0.11265511065721512 0.4892656207084656 0.22531022131443024 0.5410312414169312
8.0 0.42916667461395264 0.5 0.8583333492279053 0.5625
5.0 0.7593796253204346 0.0661432221531868 0.1920277327299118 0.1322864443063736
6.0 0.3939629793167114 0.04938410967588425 0.3216667175292969 0.0987682193517685
7.0 0.11265511065721512 0.109375 0.22531022131443024 0.21875
8.0 0.42916667461395264 0.109375 0.8583333492279053 0.21875
