4.0 0.5206944942474365 0.9199114441871643 0.420129656791687 0.160177081823349
5.0 0.892747700214386 0.9143815040588379 0.21450461447238922 0.17123697698116302
7.0 0.14814811944961548 0.8970208168029785 0.29629623889923096 0.20595833659172058
8.0 0.5 0.890625 1.0 0.21875
4.0 0.5206944942474365 0.5923072695732117 0.420129656791687 0.2607395648956299
5.0 0.892747700214386 0.5479479432106018 0.21450461447238922 0.3715781271457672
7.0 0.14814811944961548 0.4936041831970215 0.29629623889923096 0.549708366394043
8.0 0.5 0.5 1.0 0.5625
5.0 0.892747700214386 0.0376705676317215 0.21450461447238922 0.075341135263443
7.0 0.14814811944961548 0.109375 0.29629623889923096 0.21875
8.0 0.5 0.109375 1.0 0.21875
