4.0 0.5464814305305481 0.9660000205039978 0.4506017863750458 0.06799999624490738
5.0 0.09704860299825668 0.966463565826416 0.19409720599651337 0.06707292795181274
7.0 0.8949074149131775 0.9125000238418579 0.21018515527248383 0.17499999701976776
8.0 0.5 0.890625 1.0 0.21875
4.0 0.5464814305305481 0.49417710304260254 0.4506017863750458 0.2726458013057709
5.0 0.09704860299825668 0.48482292890548706 0.19409720599651337 0.28949999809265137
7.0 0.8949074149131775 0.4781250059604645 0.21018515527248383 0.518750011920929
8.0 0.5 0.5 1.0 0.5625
4.0 0.5464814305305481 0.039822906255722046 0.4506017863750458 0.07964581251144409
5.0 0.09704860299825668 0.04871354252099991 0.19409720599651337 0.09742708504199982
7.0 0.8949074149131775 0.109375 0.21018515527248383 0.21875
8.0 0.5 0.109375 1.0 0.21875
