5.0 0.10193053632974625 0.9463919401168823 0.2038610726594925 0.10721613466739655
7.0 0.8486111164093018 0.8986979126930237 0.30277782678604126 0.20260417461395264
8.0 0.5 0.8908854126930237 1.0 0.21822917461395264
4.0 0.4540092647075653 0.39883333444595337 0.36216673254966736 0.25858330726623535
5.0 0.10193053632974625 0.5073854327201843 0.2038610726594925 0.3246614634990692
7.0 0.8486111164093018 0.4919270873069763 0.30277782678604126 0.5463541746139526
8.0 0.5 0.4997395873069763 1.0 0.5619791746139526
4.0 0.4540092647075653 0.08397915959358215 0.36216673254966736 0.1679583191871643
5.0 0.10193053632974625 0.04622265696525574 0.2038610726594925 0.09244531393051147
7.0 0.8486111164093018 0.109375 0.30277782678604126 0.21875
8.0 0.5 0.109375 1.0 0.21875
