7.0 0.09259255975484848 0.8962239623069763 0.18518511950969696 0.20755209028720856
4.0 0.4063657224178314 0.9588112235069275 0.37244904041290283 0.0823776125907898
5.0 0.8123471736907959 0.9536035060882568 0.23641671240329742 0.09279295802116394
8.0 0.46759259700775146 0.890625 0.9351851940155029 0.21875
7.0 0.09259255975484848 0.4944010376930237 0.18518511950969696 0.5513020753860474
4.0 0.4063657224178314 0.5244609117507935 0.37244904041290283 0.2408333420753479
5.0 0.8123471736907959 0.522794246673584 0.23641671240329742 0.2649973928928375
8.0 0.46759259700775146 0.5 0.9351851940155029 0.5625
7.0 0.09259255975484848 0.109375 0.18518511950969696 0.21875
4.0 0.4063657224178314 0.016727862879633904 0.37244904041290283 0.03345572575926781
5.0 0.8123471736907959 0.023602213710546494 0.23641671240329742 0.04720442742109299
8.0 0.46759259700775146 0.109375 0.9351851940155029 0.21875
