4.0 0.718500018119812 0.9347747564315796 0.3625369668006897 0.1304505169391632
5.0 0.1532800942659378 0.9247981905937195 0.3065601885318756 0.15040364861488342
7.0 0.8949074149131775 0.8934895992279053 0.21018515527248383 0.21302081644535065
8.0 0.5 0.8934895992279053 1.0 0.21302081644535065
4.0 0.718500018119812 0.5500208139419556 0.3625369668006897 0.2858593463897705
5.0 0.1532800942659378 0.5164166688919067 0.3065601885318756 0.39297395944595337
7.0 0.8949074149131775 0.4971354007720947 0.21018515527248383 0.5567708015441895
8.0 0.5 0.4971354007720947 1.0 0.5567708015441895
4.0 0.718500018119812 0.015204418450593948 0.3625369668006897 0.030408836901187897
5.0 0.1532800942659378 0.058785151690244675 0.3065601885318756 0.11757030338048935
7.0 0.8949074149131775 0.109375 0.21018515527248383 0.21875
8.0 0.5 0.109375 1.0 0.21875
