4.0 0.2973240613937378 0.901688814163208 0.5520462393760681 0.19662240147590637
5.0 0.8360462784767151 0.8935481905937195 0.32790741324424744 0.21290364861488342
7.0 0.15601846575737 0.890625 0.31203693151474 0.21875
8.0 0.5 0.8908854126930237 1.0 0.21822917461395264
4.0 0.2973240613937378 0.5981302261352539 0.5520462393760681 0.3219843804836273
5.0 0.8360462784767151 0.6046718955039978 0.32790741324424744 0.34146353602409363
7.0 0.15601846575737 0.5289062261581421 0.31203693151474 0.504687488079071
8.0 0.5 0.4997395873069763 1.0 0.5619791746139526
4.0 0.2973240613937378 0.00018099695444107056 0.5520462393760681 0.0003619939088821411
5.0 0.8360462784767151 0.0017799455672502518 0.32790741324424744 0.0035598911345005035
7.0 0.15601846575737 0.08046875149011612 0.31203693151474 0.16093750298023224
8.0 0.5 0.109375 1.0 0.21875
