4.0 0.6724814176559448 0.9603893160820007 0.4005277454853058 0.07922133803367615
5.0 0.1742592453956604 0.9534426927566528 0.28061115741729736 0.09311457723379135
7.0 0.9861111044883728 0.9080728888511658 0.02777777798473835 0.18385417759418488
8.0 0.5152777433395386 0.890625 0.9694445133209229 0.21875
4.0 0.6724814176559448 0.49373435974121094 0.4005277454853058 0.2959739565849304
5.0 0.1742592453956604 0.5176874995231628 0.28061115741729736 0.2758541703224182
7.0 0.9861111044883728 0.48255208134651184 0.02777777798473835 0.5276041626930237
8.0 0.5152777433395386 0.5 0.9694445133209229 0.5625
4.0 0.6724814176559448 0.04587631672620773 0.4005277454853058 0.09175263345241547
5.0 0.1742592453956604 0.028869803994894028 0.28061115741729736 0.057739607989788055
7.0 0.9861111044883728 0.109375 0.02777777798473835 0.21875
8.0 0.5152777433395386 0.109375 0.9694445133209229 0.21875
