11.0 0.5647333264350891 0.8987699747085571 0.06129999831318855 0.0465099960565567
11.0 0.544053316116333 0.9562199711799622 0.08112665265798569 0.08237001299858093
11.0 0.5474866628646851 0.84375 0.07425999641418457 0.07040000706911087
11.0 0.5482199788093567 0.7786399722099304 0.060486674308776855 0.04524001479148865
11.0 0.5169333219528198 0.7389199733734131 0.10459331423044205 0.08468002080917358
11.0 0.5678600072860718 0.6738399863243103 0.05710665509104729 0.05329996347427368
11.0 0.5174933075904846 0.6296899914741516 0.07475334405899048 0.08465999364852905
11.0 0.5462599992752075 0.585800051689148 0.046973347663879395 0.03244999051094055
11.0 0.5092399716377258 0.5147500038146973 0.11485997587442398 0.12224002182483673
11.0 0.547873318195343 0.4392000436782837 0.06323333829641342 0.04412001371383667
11.0 0.5307799577713013 0.3917800188064575 0.07587335258722305 0.10356992483139038
11.0 0.5376399755477905 0.26131004095077515 0.07240664958953857 0.06911998987197876
11.0 0.5181333422660828 0.1959800124168396 0.08373334258794785 0.10900998115539551
11.0 0.5376933217048645 0.11998999118804932 0.06614664942026138 0.07945007085800171
2.0 0.5878000259399414 0.10088998079299927 0.020299991592764854 0.042270004749298096
2.0 0.589733362197876 0.2054399847984314 0.026693344116210938 0.0562400221824646
2.0 0.6004800200462341 0.24984002113342285 0.02262667752802372 0.04284006357192993
2.0 0.5974066853523254 0.39719995856285095 0.020566662773489952 0.04196995496749878
2.0 0.6023133397102356 0.4220600128173828 0.017933329567313194 0.033779919147491455
2.0 0.5967066884040833 0.4964999556541443 0.028133312240242958 0.06181003153324127
2.0 0.5861600041389465 0.5940699577331543 0.015379984863102436 0.02360004186630249
2.0 0.5915666818618774 0.6239199638366699 0.02281332015991211 0.04610002040863037
2.0 0.6037333607673645 0.638480007648468 0.008946657180786133 0.02709004282951355
2.0 0.6163933277130127 0.6751899719238281 0.015420000068843365 0.03214001655578613
2.0 0.6060199737548828 0.7228699922561646 0.02693331241607666 0.058309972286224365
2.0 0.5962200164794922 0.7608299851417542 0.012693325988948345 0.02240002155303955
2.0 0.6085333228111267 0.8506200313568115 0.01985999010503292 0.044340044260025024
2.0 0.6161133050918579 0.93545001745224 0.010853330604732037 0.020840004086494446
2.0 0.6117733120918274 0.9496800303459167 0.016453346237540245 0.04777000844478607
6.0 0.5895199775695801 0.9389500021934509 0.010706663131713867 0.019990012049674988
6.0 0.5882800221443176 0.8547000288963318 0.008053342811763287 0.02081000804901123
6.0 0.5805666446685791 0.7548500299453735 0.008093317039310932 0.014339983463287354
6.0 0.5788000226020813 0.7171800136566162 0.010613322257995605 0.02661001682281494
6.0 0.5968800187110901 0.6714299917221069 0.0082866745069623 0.019650042057037354
6.0 0.5794133543968201 0.602869987487793 0.005273342132568359 0.007539957761764526
6.0 0.5680466890335083 0.617110013961792 0.0074933371506631374 0.01753002405166626
6.0 0.5640533566474915 0.49303004145622253 0.014460007660090923 0.022609993815422058
6.0 0.5758600234985352 0.3906700313091278 0.009299993515014648 0.022719919681549072
6.0 0.5758466720581055 0.2428799569606781 0.00727999210357666 0.019839942455291748
6.0 0.5615800023078918 0.1998700201511383 0.011199991218745708 0.021240055561065674
6.0 0.5691733360290527 0.10291996598243713 0.008320013992488384 0.019749999046325684
1.0 0.5319600105285645 0.09498000144958496 0.022233327850699425 0.049469947814941406
1.0 0.5022532939910889 0.13198000192642212 0.02010001800954342 0.024699926376342773
1.0 0.49347999691963196 0.0861700177192688 0.015086650848388672 0.01324993371963501
1.0 0.5662999749183655 0.35795003175735474 0.010993321426212788 0.01584005355834961
1.0 0.503113329410553 0.44189003109931946 0.019413352012634277 0.01718991994857788
1.0 0.5244866609573364 0.5757399797439575 0.013593316078186035 0.007949978113174438
1.0 0.4665133059024811 0.631659984588623 0.01774001121520996 0.022270023822784424
1.0 0.48862001299858093 0.6740000247955322 0.016613325104117393 0.025279998779296875
1.0 0.500333309173584 0.674589991569519 0.011633336544036865 0.01179000735282898
1.0 0.5329533219337463 0.7807499766349792 0.007946650497615337 0.010239958763122559
1.0 0.5111200213432312 0.790910005569458 0.01674000360071659 0.02222996950149536
1.0 0.5058267116546631 0.8874800205230713 0.019119998440146446 0.019850000739097595
1.0 0.5006066560745239 0.988349974155426 0.012113352306187153 0.015039995312690735
8.0 0.5275399684906006 0.9090700149536133 0.1875866800546646 0.07112002372741699
8.0 0.5097600221633911 0.9493250250816345 0.22314663231372833 0.10134997963905334
8.0 0.5156400203704834 0.8413199782371521 0.20738668739795685 0.1206200122833252
8.0 0.5332266688346863 0.775700032711029 0.13887332379817963 0.051869988441467285
8.0 0.47983330488204956 0.7239800095558167 0.27900001406669617 0.11530002951622009
8.0 0.5314733386039734 0.6730999946594238 0.18505997955799103 0.05906000733375549
8.0 0.5988199710845947 0.63850998878479 0.021020015701651573 0.02424001693725586
8.0 0.5318999886512756 0.5888699889183044 0.1255333423614502 0.0355299711227417
8.0 0.5091400146484375 0.6248899698257446 0.18571333587169647 0.09349000453948975
8.0 0.5452733039855957 0.47158002853393555 0.052120011299848557 0.026110053062438965
8.0 0.47441330552101135 0.5085799694061279 0.27383336424827576 0.12810002267360687
8.0 0.5233533382415771 0.4330500066280365 0.1772933155298233 0.05917006731033325
8.0 0.49810001254081726 0.3856399953365326 0.21713335812091827 0.10597997903823853
8.0 0.5285066962242126 0.26103001832962036 0.16565333306789398 0.07120996713638306
8.0 0.47575998306274414 0.15728002786636353 0.25647997856140137 0.17270994186401367
8.0 0.5131666660308838 0.11849001049995422 0.17100000381469727 0.08228999376296997
