1.0 0.531440019607544 0.8047199845314026 0.02287999726831913 0.03661000728607178
1.0 0.5493266582489014 0.5669699907302856 0.019599994644522667 0.016959965229034424
1.0 0.5517666935920715 0.5450100302696228 0.02638665772974491 0.028029978275299072
1.0 0.5440066456794739 0.3823299705982208 0.03277333453297615 0.02767002582550049
1.0 0.5215333104133606 0.2931000292301178 0.013739983551204205 0.02129995822906494
1.0 0.535526692867279 0.28164002299308777 0.0212732944637537 0.03356999158859253
1.0 0.49547332525253296 0.1433200240135193 0.015840014442801476 0.02220994234085083
1.0 0.5156000256538391 0.3553900420665741 0.011646668426692486 0.022069931030273438
1.0 0.5272800326347351 0.21007001399993896 0.014553308486938477 0.010040044784545898
1.0 0.5688933730125427 0.05209997296333313 0.02222665213048458 0.02864992618560791
6.0 0.41604000329971313 0.03363001346588135 0.011633316986262798 0.030909955501556396
6.0 0.4241200089454651 0.13074001669883728 0.013580004684627056 0.03937000036239624
6.0 0.4203133285045624 0.18650001287460327 0.012186646461486816 0.03184998035430908
6.0 0.43770667910575867 0.267909973859787 0.013193328864872456 0.03167992830276489
6.0 0.40882667899131775 0.29409003257751465 0.012313325889408588 0.02465003728866577
6.0 0.42304667830467224 0.3435499668121338 0.012306650169193745 0.029739975929260254
6.0 0.3892933428287506 0.41916000843048096 0.01236001681536436 0.03452003002166748
6.0 0.4320666491985321 0.41098999977111816 0.012579997070133686 0.030860066413879395
6.0 0.3952866494655609 0.5206500291824341 0.01190666388720274 0.028869956731796265
6.0 0.43659332394599915 0.5031200051307678 0.013640006072819233 0.033270031213760376
6.0 0.4178466498851776 0.567829966545105 0.013466675765812397 0.030519962310791016
6.0 0.3937999904155731 0.675320029258728 0.014260013587772846 0.032860010862350464
6.0 0.43112000823020935 0.9872174859046936 0.018686652183532715 0.02556499093770981
6.0 0.4215399920940399 0.9145100116729736 0.013739983551204205 0.035830020904541016
6.0 0.43663331866264343 0.83965003490448 0.015486677177250385 0.03621000051498413
6.0 0.42223334312438965 0.7389299869537354 0.013359983451664448 0.04032003879547119
6.0 0.43448665738105774 0.6162099838256836 0.0156400203704834 0.03374996781349182
2.0 0.39647331833839417 0.9819824695587158 0.030279994010925293 0.03603501617908478
2.0 0.39324668049812317 0.9214900135993958 0.025599995627999306 0.057859987020492554
2.0 0.4069800078868866 0.8467900156974792 0.028186678886413574 0.06460002064704895
2.0 0.39525333046913147 0.7416599988937378 0.02428666688501835 0.056190043687820435
2.0 0.3683866560459137 0.6749600172042847 0.022113323211669922 0.04559004306793213
2.0 0.40261998772621155 0.6169400215148926 0.024793347343802452 0.054969996213912964
2.0 0.39290666580200195 0.5683299899101257 0.024026671424508095 0.04695001244544983
2.0 0.3733466565608978 0.5234599709510803 0.02047332189977169 0.04324999451637268
2.0 0.40843334794044495 0.5053499937057495 0.02397998236119747 0.052819982171058655
2.0 0.36568668484687805 0.41839995980262756 0.02026665210723877 0.04670995473861694
2.0 0.40711334347724915 0.40904003381729126 0.024893322959542274 0.05075991153717041
2.0 0.39919331669807434 0.3470100164413452 0.0229466762393713 0.04948997497558594
2.0 0.38403335213661194 0.28828001022338867 0.022286653518676758 0.04694008827209473
2.0 0.4094333350658417 0.26238998770713806 0.025979995727539062 0.05339992046356201
2.0 0.3923066556453705 0.18737003207206726 0.02283334732055664 0.054099977016448975
2.0 0.39492666721343994 0.12867999076843262 0.028073349967598915 0.062150001525878906
2.0 0.3876466751098633 0.03536003828048706 0.028633316978812218 0.06079995632171631
2.0 0.40382668375968933 0.0005799978971481323 0.03166000172495842 0.0011599957942962646
11.0 0.4966733157634735 0.9582325220108032 0.12668001651763916 0.08353501558303833
11.0 0.45755332708358765 0.9108899831771851 0.04710666462779045 0.09348998218774796
11.0 0.4966000020503998 0.8403199911117554 0.11587333679199219 0.15462997555732727
11.0 0.47372666001319885 0.736739993095398 0.09678665548563004 0.141789972782135
11.0 0.4207800030708313 0.6810600161552429 0.0388866662979126 0.08313998579978943
11.0 0.48759332299232483 0.6186100244522095 0.10585999488830566 0.1400500237941742
11.0 0.49012666940689087 0.4975000023841858 0.09225332736968994 0.10627001523971558
1.0 0.5457866787910461 0.48758992552757263 0.02900663949549198 0.028870001435279846
11.0 0.43684667348861694 0.5622600317001343 0.038813311606645584 0.061060041189193726
11.0 0.42123332619667053 0.5042600035667419 0.033240001648664474 0.08937004208564758
11.0 0.421640008687973 0.4205600321292877 0.05353999137878418 0.10601001977920532
11.0 0.49269333481788635 0.3991299867630005 0.10025998204946518 0.09963995218276978
11.0 0.482453316450119 0.32642003893852234 0.09209334850311279 0.06813007593154907
11.0 0.4318266808986664 0.30042997002601624 0.022620001807808876 0.03856998682022095
11.0 0.49061334133148193 0.2638999819755554 0.09814667701721191 0.11932003498077393
11.0 0.44808000326156616 0.1846199631690979 0.048979997634887695 0.07020002603530884
11.0 0.4793466627597809 0.12596997618675232 0.09920668601989746 0.15979993343353271
11.0 0.4718399941921234 0.05024498701095581 0.09957333654165268 0.10048997402191162
11.0 0.5011733174324036 0.02216753363609314 0.13055332005023956 0.04433506727218628
8.0 0.544313371181488 0.9442524909973145 0.32863330841064453 0.1114949882030487
8.0 0.5162466764450073 0.9142699837684631 0.274399995803833 0.08469998091459274
8.0 0.5454533696174622 0.8427599668502808 0.30614668130874634 0.17914000153541565
8.0 0.5196066498756409 0.7369500398635864 0.27731332182884216 0.14504000544548035
8.0 0.48790666460990906 0.678309977054596 0.25961998105049133 0.08518999814987183
8.0 0.5353333353996277 0.6199899911880493 0.2935199737548828 0.14183002710342407
8.0 0.5104066729545593 0.564009964466095 0.26081332564353943 0.0835600197315216
8.0 0.48934000730514526 0.5252400040626526 0.2510533034801483 0.05703999102115631
8.0 0.5340400338172913 0.5026899576187134 0.2718866765499115 0.13071995973587036
8.0 0.48332667350769043 0.41969001293182373 0.256173312664032 0.11671006679534912
8.0 0.5315066576004028 0.4039600193500519 0.2744399607181549 0.10246002674102783
8.0 0.5179466605186462 0.3436700403690338 0.2606533467769623 0.08302992582321167
8.0 0.501466691493988 0.2951599657535553 0.25626668334007263 0.07148998975753784
8.0 0.5364533066749573 0.2705700099468231 0.2786266803741455 0.13495999574661255
8.0 0.501800000667572 0.19666996598243713 0.24741332232952118 0.08562004566192627
8.0 0.5337733626365662 0.13255998492240906 0.3056466579437256 0.1766899824142456
8.0 0.5188666582107544 0.05616497993469238 0.2948800027370453 0.11232995986938477
8.0 0.5562000274658203 0.03545001149177551 0.33716002106666565 0.07090002298355103
8.0 0.9790183305740356 0.9442524909973145 0.04196333885192871 0.1114949882030487
8.0 0.9840700030326843 0.8427599668502808 0.03186003491282463 0.17914000153541565
8.0 0.9922866821289062 0.6199899911880493 0.0154266357421875 0.14183002710342407
8.0 0.9983416795730591 0.5026900172233582 0.0033166806679219007 0.13071995973587036
8.0 0.9989700317382812 0.4039600193500519 0.002059976337477565 0.10246002674102783
8.0 0.9954500198364258 0.2705700099468231 0.009100000374019146 0.13495999574661255
8.0 0.9900349974632263 0.13255998492240906 0.019930005073547363 0.1766899824142456
8.0 0.9709433317184448 0.03545001149177551 0.05811333656311035 0.07090002298355103
