4.0 0.3790786564350128 0.9562076926231384 0.4177684783935547 0.08758463710546494
5.0 0.7546851634979248 0.9312291741371155 0.22211572527885437 0.13754166662693024
7.0 0.08796299993991852 0.890625 0.17592599987983704 0.21875
8.0 0.43518519401550293 0.890625 0.8703703880310059 0.21875
4.0 0.3790786564350128 0.5141536593437195 0.4177684783935547 0.2718620002269745
5.0 0.7546851634979248 0.5776328444480896 0.22211572527885437 0.24481770396232605
7.0 0.08796299993991852 0.5 0.17592599987983704 0.5625
8.0 0.43518519401550293 0.5 0.8703703880310059 0.5625
4.0 0.3790786564350128 0.02963867597281933 0.4177684783935547 0.05927735194563866
7.0 0.08796299993991852 0.109375 0.17592599987983704 0.21875
8.0 0.43518519401550293 0.109375 0.8703703880310059 0.21875
