4.0 0.27153703570365906 0.9591653347015381 0.4856666922569275 0.08166927099227905
5.0 0.8694999814033508 0.9569166898727417 0.26100000739097595 0.08616665005683899
7.0 0.0694444477558136 0.890625 0.1388888955116272 0.21875
8.0 0.5 0.890625 1.0 0.21875
4.0 0.27153703570365906 0.4872135519981384 0.4856666922569275 0.31391146779060364
5.0 0.8694999814033508 0.4833958148956299 0.26100000739097595 0.3305416703224182
7.0 0.0694444477558136 0.5 0.1388888955116272 0.5625
8.0 0.5 0.5 1.0 0.5625
4.0 0.27153703570365906 0.053621094673871994 0.4856666922569275 0.10724218934774399
5.0 0.8694999814033508 0.05968751385807991 0.26100000739097595 0.11937502771615982
7.0 0.0694444477558136 0.109375 0.1388888955116272 0.21875
8.0 0.5 0.109375 1.0 0.21875
