4.0 0.661314845085144 0.9415494799613953 0.3741111755371094 0.11690104007720947
5.0 0.22719447314739227 0.9619361758232117 0.32487964630126953 0.07612758874893188
7.0 0.9374259114265442 0.9071875214576721 0.12514813244342804 0.18562498688697815
8.0 0.5277777910232544 0.890625 0.9444444179534912 0.21875
4.0 0.661314845085144 0.5560989379882812 0.3741111755371094 0.24660418927669525
5.0 0.22719447314739227 0.47060415148735046 0.32487964630126953 0.33604687452316284
7.0 0.9374259114265442 0.48343750834465027 0.12514813244342804 0.5293750166893005
8.0 0.5277777910232544 0.5 0.9444444179534912 0.5625
4.0 0.661314845085144 0.0023515745997428894 0.3741111755371094 0.004703149199485779
5.0 0.22719447314739227 0.06745963543653488 0.32487964630126953 0.13491927087306976
7.0 0.9374259114265442 0.109375 0.12514813244342804 0.21875
8.0 0.5277777910232544 0.109375 0.9444444179534912 0.21875
