4.0 0.47659263014793396 0.9797487258911133 0.4861297011375427 0.04050259292125702
5.0 0.0661550909280777 0.976882815361023 0.1323101818561554 0.04623439162969589
7.0 0.8425925374031067 0.9236978888511658 0.31481489539146423 0.15260417759418488
8.0 0.5 0.890625 1.0 0.21875
4.0 0.47659263014793396 0.4639374911785126 0.4861297011375427 0.2781301736831665
5.0 0.0661550909280777 0.4696302115917206 0.1323101818561554 0.27820834517478943
7.0 0.8425925374031067 0.46692708134651184 0.31481489539146423 0.4963541626930237
8.0 0.5 0.5 1.0 0.5625
4.0 0.47659263014793396 0.05631379783153534 0.4861297011375427 0.11262759566307068
5.0 0.0661550909280777 0.053486984223127365 0.1323101818561554 0.10697396844625473
7.0 0.8425925374031067 0.109375 0.31481489539146423 0.21875
8.0 0.5 0.109375 1.0 0.21875
