4.0 0.5448703765869141 0.9003828167915344 0.46019446849823 0.19923436641693115
5.0 0.8901203274726868 0.9083033800125122 0.1950555443763733 0.1833932250738144
7.0 0.13580322265625 0.890625 0.2716064453125 0.21875
8.0 0.49537035822868347 0.8909426927566528 0.9907407164573669 0.21811458468437195
4.0 0.5448703765869141 0.6227083206176758 0.46019446849823 0.27805209159851074
5.0 0.8901203274726868 0.6030364632606506 0.1950555443763733 0.2857135236263275
7.0 0.13580322265625 0.5090000033378601 0.2716064453125 0.5444999933242798
8.0 0.49537035822868347 0.49968230724334717 0.9907407164573669 0.5618646144866943
7.0 0.13580322265625 0.10037499666213989 0.2716064453125 0.20074999332427979
8.0 0.49537035822868347 0.109375 0.9907407164573669 0.21875
