4.0 0.5005092620849609 0.9300481677055359 0.506777822971344 0.13990363478660583
5.0 0.8926527500152588 0.9256666898727417 0.21469444036483765 0.14866666495800018
7.0 0.0015439987182617188 0.890625 0.0030879974365234375 0.21875
8.0 0.5 0.890625 1.0 0.21875
4.0 0.5005092620849609 0.5077187418937683 0.506777822971344 0.38936975598335266
5.0 0.8926527500152588 0.5551301836967468 0.21469444036483765 0.31207290291786194
7.0 0.0015439987182617188 0.5 0.0030879974365234375 0.5625
8.0 0.5 0.5 1.0 0.5625
4.0 0.5005092620849609 0.06223306432366371 0.506777822971344 0.12446612864732742
5.0 0.8926527500152588 0.019203122705221176 0.21469444036483765 0.03840624541044235
7.0 0.0015439987182617188 0.109375 0.0030879974365234375 0.21875
8.0 0.5 0.109375 1.0 0.21875
