4.0 0.5906481742858887 0.9347317814826965 0.4439166784286499 0.13053645193576813
5.0 0.10502314567565918 0.9203450679779053 0.21004629135131836 0.15930987894535065
7.0 0.875 0.8952838778495789 0.25 0.20943228900432587
8.0 0.5 0.890625 1.0 0.21875
4.0 0.5906481742858887 0.5407031178474426 0.4439166784286499 0.3046666383743286
5.0 0.10502314567565918 0.547249972820282 0.21004629135131836 0.34911978244781494
7.0 0.875 0.5053541660308838 0.25 0.5331562757492065
8.0 0.5 0.5 1.0 0.5625
4.0 0.5906481742858887 0.024565093219280243 0.4439166784286499 0.049130186438560486
5.0 0.10502314567565918 0.032404955476522446 0.21004629135131836 0.06480991095304489
7.0 0.875 0.09936197847127914 0.25 0.1987239569425583
8.0 0.5 0.109375 1.0 0.21875
