4.0 0.568740725517273 0.9225703477859497 0.44704627990722656 0.15485936403274536
5.0 0.10344907641410828 0.9261002540588379 0.20689815282821655 0.14779946208000183
7.0 0.871916651725769 0.9003801941871643 0.2561666667461395 0.1992395967245102
8.0 0.5 0.890625 1.0 0.21875
4.0 0.568740725517273 0.5640051960945129 0.44704627990722656 0.30670830607414246
5.0 0.10344907641410828 0.5315468907356262 0.20689815282821655 0.357505202293396
7.0 0.871916651725769 0.49342188239097595 0.2561666667461395 0.5366354584693909
8.0 0.5 0.5 1.0 0.5625
4.0 0.568740725517273 0.013424471020698547 0.44704627990722656 0.026848942041397095
5.0 0.10344907641410828 0.042352866381406784 0.20689815282821655 0.08470573276281357
7.0 0.871916651725769 0.10619792342185974 0.2561666667461395 0.21239584684371948
8.0 0.5 0.109375 1.0 0.21875
