4.0 0.6247685551643372 0.9817708134651184 0.3650647699832916 0.036458343267440796
5.0 0.8761296272277832 0.975292980670929 0.0796295776963234 0.04941406473517418
7.0 0.1111111119389534 0.9002603888511658 0.2222222238779068 0.19947917759418488
8.0 0.4615740478038788 0.890625 0.9231480956077576 0.21875
4.0 0.6247685551643372 0.46754688024520874 0.3650647699832916 0.2628229260444641
5.0 0.8761296272277832 0.5074166655540466 0.0796295776963234 0.2089948058128357
7.0 0.1111111119389534 0.49036458134651184 0.2222222238779068 0.5432291626930237
8.0 0.4615740478038788 0.5 0.9231480956077576 0.5625
4.0 0.6247685551643372 0.050682298839092255 0.3650647699832916 0.10136459767818451
5.0 0.8761296272277832 0.017290372401475906 0.0796295776963234 0.03458074480295181
7.0 0.1111111119389534 0.109375 0.2222222238779068 0.21875
8.0 0.4615740478038788 0.109375 0.9231480956077576 0.21875
