4.0 0.5411481857299805 0.9364635348320007 0.35160186886787415 0.12707291543483734
5.0 0.14371293783187866 0.938686192035675 0.24421299993991852 0.1226276084780693
7.0 0.8518518805503845 0.9039648175239563 0.29629623889923096 0.19207032024860382
8.0 0.5092592239379883 0.890625 0.9814814925193787 0.21875
4.0 0.5411481857299805 0.5726718902587891 0.35160186886787415 0.23380208015441895
5.0 0.14371293783187866 0.5292708277702332 0.24421299993991852 0.3117135465145111
7.0 0.8518518805503845 0.5047760605812073 0.29629623889923096 0.49958857893943787
8.0 0.5092592239379883 0.5 0.9814814925193787 0.5625
5.0 0.14371293783187866 0.0320429727435112 0.24421299993991852 0.0640859454870224
7.0 0.8518518805503845 0.09125912934541702 0.29629623889923096 0.18251825869083405
8.0 0.5092592239379883 0.109375 0.9814814925193787 0.21875
