4.0 0.4905925691127777 0.9496523141860962 0.4579721689224243 0.10069531947374344
5.0 0.06015046313405037 0.9300065040588379 0.12030092626810074 0.13998697698116302
7.0 0.8240740895271301 0.8935468792915344 0.35185179114341736 0.21290625631809235
8.0 0.5 0.890625 1.0 0.21875
4.0 0.4905925691127777 0.5104479193687439 0.4579721689224243 0.3054947853088379
5.0 0.06015046313405037 0.5315572619438171 0.12030092626810074 0.3418594002723694
7.0 0.8240740895271301 0.5070260167121887 0.35185179114341736 0.5367604494094849
8.0 0.5 0.5 1.0 0.5625
4.0 0.4905925691127777 0.039899736642837524 0.4579721689224243 0.07979947328567505
5.0 0.06015046313405037 0.03843620419502258 0.12030092626810074 0.07687240839004517
7.0 0.8240740895271301 0.09942708909511566 0.35185179114341736 0.19885417819023132
8.0 0.5 0.109375 1.0 0.21875
