4.0 0.4942777156829834 0.97286456823349 0.44095373153686523 0.05427080765366554
5.0 0.9207985997200012 0.9751445651054382 0.15840275585651398 0.049710918217897415
7.0 0.11265511065721512 0.9091718792915344 0.22531022131443024 0.18165625631809235
8.0 0.5 0.8918125033378601 1.0 0.21637499332427979
4.0 0.4942777156829834 0.4844687283039093 0.44095373153686523 0.2646041512489319
5.0 0.9207985997200012 0.4861770570278168 0.15840275585651398 0.2520676851272583
7.0 0.11265511065721512 0.4814531207084656 0.22531022131443024 0.5254062414169312
8.0 0.5 0.4988124966621399 1.0 0.5601249933242798
4.0 0.4942777156829834 0.04266666620969772 0.44095373153686523 0.08533333241939545
5.0 0.9207985997200012 0.03867839276790619 0.15840275585651398 0.07735678553581238
7.0 0.11265511065721512 0.109375 0.22531022131443024 0.21875
8.0 0.5 0.109375 1.0 0.21875
