4.0 0.41370368003845215 0.9625520706176758 0.33771297335624695 0.07489582151174545
2.0 0.8377037048339844 0.9551810026168823 0.2443425953388214 0.08963800966739655
7.0 0.1328703612089157 0.8968750238418579 0.2657407224178314 0.20624998211860657
8.0 0.483025461435318 0.8909426927566528 0.966050922870636 0.21811458468437195
4.0 0.41370368003845215 0.5167187452316284 0.33771297335624695 0.24135415256023407
2.0 0.8377037048339844 0.5142395496368408 0.2443425953388214 0.2757968604564667
7.0 0.1328703612089157 0.4937500059604645 0.2657407224178314 0.550000011920929
8.0 0.483025461435318 0.49968230724334717 0.966050922870636 0.5618646144866943
4.0 0.41370368003845215 0.02072916552424431 0.33771297335624695 0.04145833104848862
2.0 0.8377037048339844 0.030579427257180214 0.2443425953388214 0.06115885451436043
7.0 0.1328703612089157 0.109375 0.2657407224178314 0.21875
8.0 0.483025461435318 0.109375 0.966050922870636 0.21875
