10.0 0.9215909242630005 0.8351351022720337 0.015909090638160706 0.014864850789308548
10.0 0.9256818294525146 0.6966215968132019 0.01499999687075615 0.009459450840950012
10.0 0.9406818151473999 0.8195946216583252 0.01499999687075615 0.018918901681900024
10.0 0.9365909099578857 0.711824357509613 0.012272734194993973 0.01283782534301281
10.0 0.9315909147262573 0.574999988079071 0.009545451030135155 0.009459450840950012
10.0 0.9356818199157715 0.4793919026851654 0.010454544797539711 0.010135125368833542
10.0 0.9406818151473999 0.36283788084983826 0.011363639496266842 0.013513500802218914
10.0 0.9461363554000854 0.24391889572143555 0.013181827962398529 0.013513500802218914
10.0 0.9549999833106995 0.08243247866630554 0.015454544685781002 0.020270250737667084
10.0 0.9649999737739563 0.05979727581143379 0.01909090206027031 0.0263513270765543
10.0 0.9793182015419006 0.0952702984213829 0.024090901017189026 0.032432399690151215
10.0 0.996363639831543 0.1527026742696762 0.007272722199559212 0.04189185053110123
10.0 0.942727267742157 0.9773648977279663 0.018181826919317245 0.022297276183962822
10.0 0.9284090995788574 0.6358107924461365 0.008636356331408024 0.008108099922537804
10.0 0.9302272796630859 0.9574324488639832 0.014090903103351593 0.014864850789308548
10.0 0.9275000095367432 0.8682432174682617 0.012272734194993973 0.01216215081512928
10.0 0.9231818318367004 0.8182432651519775 0.009999997913837433 0.009459450840950012
10.0 0.9202272891998291 0.7905405163764954 0.007727276999503374 0.008108099922537804
10.0 0.9188636541366577 0.7719594836235046 0.00681817764416337 0.007432425394654274
10.0 0.9175000190734863 0.7597973346710205 0.00590909318998456 0.00608107540756464
10.0 0.9313636422157288 0.7016891837120056 0.009999997913837433 0.01283782534301281
10.0 0.9495454430580139 0.017567584291100502 0.012727281078696251 0.016216199845075607
10.0 0.9449999928474426 0.14155404269695282 0.010909092612564564 0.01283782534301281
10.0 0.9384090900421143 0.2902027368545532 0.010454544797539711 0.010135125368833542
10.0 0.9359090924263 0.3777027428150177 0.009090903215110302 0.010810800828039646
10.0 0.9320454597473145 0.46891894936561584 0.0077272821217775345 0.006756750401109457
10.0 0.9295454621315002 0.5152027010917664 0.007272734772413969 0.007432425394654274
10.0 0.9272727370262146 0.5277027487754822 0.007272734772413969 0.006756750401109457
10.0 0.9261363744735718 0.5398648977279663 0.00590909318998456 0.005405400414019823
10.0 0.9225000143051147 0.5506756901741028 0.004999998956918716 0.004054049961268902
10.0 0.923409104347229 0.6256756782531738 0.007727276999503374 0.006756750401109457
10.0 0.9225000143051147 0.6168919205665588 0.0068181827664375305 0.005405400414019823
10.0 0.921818196773529 0.6124999523162842 0.0063636405393481255 0.004729725420475006
10.0 0.921818196773529 0.6030405163764954 0.0063636405393481255 0.004729725420475006
10.0 0.9211363792419434 0.599662184715271 0.00590909318998456 0.004729725420475006
10.0 0.9200000166893005 0.595608115196228 0.005454546306282282 0.004729725420475006
10.0 0.9204545617103577 0.5675675272941589 0.005454546306282282 0.004054049961268902
10.0 0.921818196773529 0.5452702641487122 0.004545451607555151 0.0027027002070099115
10.0 0.9243181943893433 0.6925675868988037 0.0077272821217775345 0.005405400414019823
10.0 0.9211363792419434 0.6888513565063477 0.0068181827664375305 0.004729725420475006
10.0 0.9190909266471863 0.6847972869873047 0.006363635417073965 0.004729725420475006
10.0 0.9254545569419861 0.637499988079071 0.008181809447705746 0.004729725420475006
10.0 0.7511363625526428 0.8351351022720337 0.015909090638160706 0.014864850789308548
10.0 0.7470454573631287 0.6966215968132019 0.01499999687075615 0.009459450840950012
10.0 0.7320454716682434 0.8195946216583252 0.01499999687075615 0.018918901681900024
10.0 0.7361363768577576 0.711824357509613 0.012272734194993973 0.01283782534301281
10.0 0.741136372089386 0.574999988079071 0.009545451030135155 0.009459450840950012
10.0 0.7370454668998718 0.4793919026851654 0.010454544797539711 0.010135125368833542
10.0 0.7320454716682434 0.36283788084983826 0.011363639496266842 0.013513500802218914
10.0 0.7265909314155579 0.24391889572143555 0.013181827962398529 0.013513500802218914
10.0 0.7177272439002991 0.08243247866630554 0.015454544685781002 0.020270250737667084
10.0 0.7077272534370422 0.05979727581143379 0.01909090206027031 0.0263513270765543
10.0 0.6934090852737427 0.0952702984213829 0.024090901017189026 0.032432399690151215
10.0 0.6613636612892151 0.1527026742696762 0.03727271780371666 0.04189185053110123
10.0 0.5838636159896851 0.29763513803482056 0.06863638758659363 0.06824317574501038
10.0 0.7300000190734863 0.9773648977279663 0.018181826919317245 0.022297276183962822
10.0 0.7443181872367859 0.6358107924461365 0.008636356331408024 0.008108099922537804
10.0 0.7425000071525574 0.9574324488639832 0.014090903103351593 0.014864850789308548
10.0 0.7452272772789001 0.8682432174682617 0.012272734194993973 0.01216215081512928
10.0 0.7495454549789429 0.8182432651519775 0.009999997913837433 0.009459450840950012
10.0 0.7524999976158142 0.7905405163764954 0.007727276999503374 0.008108099922537804
10.0 0.7538636326789856 0.7719594836235046 0.00681817764416337 0.007432425394654274
10.0 0.755227267742157 0.7597973346710205 0.00590909318998456 0.00608107540756464
10.0 0.7413636445999146 0.7016891837120056 0.009999997913837433 0.01283782534301281
10.0 0.7231818437576294 0.017567584291100502 0.012727281078696251 0.016216199845075607
10.0 0.7277272939682007 0.14155404269695282 0.010909092612564564 0.01283782534301281
10.0 0.734318196773529 0.2902027368545532 0.010454544797539711 0.010135125368833542
10.0 0.7368181943893433 0.3777027428150177 0.009090903215110302 0.010810800828039646
10.0 0.7406818270683289 0.46891894936561584 0.0077272821217775345 0.006756750401109457
10.0 0.7431818246841431 0.5152027010917664 0.007272734772413969 0.007432425394654274
10.0 0.7454545497894287 0.5277027487754822 0.007272734772413969 0.006756750401109457
10.0 0.7465909123420715 0.5398648977279663 0.00590909318998456 0.005405400414019823
10.0 0.7502272725105286 0.5506756901741028 0.004999998956918716 0.004054049961268902
10.0 0.7493181824684143 0.6256756782531738 0.007727276999503374 0.006756750401109457
10.0 0.7502272725105286 0.6168919205665588 0.0068181827664375305 0.005405400414019823
10.0 0.7509090900421143 0.6124999523162842 0.0063636405393481255 0.004729725420475006
10.0 0.7509090900421143 0.6030405163764954 0.0063636405393481255 0.004729725420475006
10.0 0.7515909075737 0.599662184715271 0.00590909318998456 0.004729725420475006
10.0 0.7527272701263428 0.595608115196228 0.005454546306282282 0.004729725420475006
10.0 0.7522727251052856 0.5675675272941589 0.005454546306282282 0.004054049961268902
10.0 0.7509090900421143 0.5452702641487122 0.004545451607555151 0.0027027002070099115
10.0 0.7484090924263 0.6925675868988037 0.0077272821217775345 0.005405400414019823
10.0 0.7515909075737 0.6888513565063477 0.0068181827664375305 0.004729725420475006
10.0 0.753636360168457 0.6847972869873047 0.006363635417073965 0.004729725420475006
10.0 0.7472727298736572 0.637499988079071 0.008181809447705746 0.004729725420475006
