8.0 0.8987500071525574 0.05515003204345703 0.15404999256134033 0.1054999828338623
8.0 0.9108749628067017 0.2941625118255615 0.1782500147819519 0.588325023651123
8.0 0.9112499952316284 0.7799999713897705 0.17750000953674316 0.4399999976158142
5.0 0.863224983215332 0.73785001039505 0.0764249935746193 0.29225003719329834
5.0 0.8546749949455261 0.27300000190734863 0.07022499293088913 0.26975011825561523
5.0 0.8271250128746033 0.07305002212524414 0.010774999856948853 0.02624988555908203
7.0 0.8732500076293945 0.06949996948242188 0.05519999563694 0.06375002861022949
4.0 0.9701125025749207 0.7194499969482422 0.05977499485015869 0.26384997367858887
4.0 0.9625062346458435 0.21724998950958252 0.0749875009059906 0.21609997749328613
8.0 0.6012499928474426 0.05515003204345703 0.15404999256134033 0.1054999828338623
8.0 0.46412500739097595 0.2941625118255615 0.4282500147819519 0.588325023651123
8.0 0.4637500047683716 0.7799999713897705 0.42750000953674316 0.4399999976158142
5.0 0.636775016784668 0.73785001039505 0.0764249935746193 0.29225003719329834
5.0 0.6453250050544739 0.27300000190734863 0.07022499293088913 0.26975011825561523
5.0 0.6728749871253967 0.07305002212524414 0.010774999856948853 0.02624988555908203
7.0 0.6267499923706055 0.06949996948242188 0.05519999563694 0.06375002861022949
7.0 0.3608750104904175 0.2928999662399292 0.22175002098083496 0.3952000141143799
7.0 0.351624995470047 0.7977875471115112 0.203249990940094 0.4044249653816223
4.0 0.5033249855041504 0.7194499969482422 0.11289998888969421 0.26384997367858887
4.0 0.5280250310897827 0.21724998950958252 0.09392499923706055 0.21609997749328613
8.0 0.125 0.2941625118255615 0.25 0.588325023651123
8.0 0.125 0.7799999713897705 0.25 0.4399999976158142
7.0 0.13912498950958252 0.2928999662399292 0.22175002098083496 0.3952000141143799
7.0 0.148375004529953 0.7977875471115112 0.203249990940094 0.4044249653816223
4.0 0.02656249701976776 0.7194499969482422 0.05312499403953552 0.26384997367858887
4.0 0.009468749165534973 0.21724998950958252 0.018937498331069946 0.21609997749328613
