6.0 0.1136000007390976 0.996358335018158 0.020150000229477882 0.007283329963684082
4.0 0.06727500259876251 0.7850666642189026 0.04175000265240669 0.07956663519144058
4.0 0.01589999720454216 0.4965333044528961 0.026099994778633118 0.08636665344238281
4.0 0.05754999816417694 0.02599998377263546 0.0322749987244606 0.05199996754527092
5.0 0.10300000011920929 0.030375003814697266 0.03085000067949295 0.06075000762939453
5.0 0.023600004613399506 0.03563332557678223 0.03435000032186508 0.07126665115356445
5.0 0.0026374980807304382 0.13303335011005402 0.0052749961614608765 0.09759998321533203
5.0 0.06805000454187393 0.4812000095844269 0.04809999838471413 0.10996663570404053
5.0 0.11512500047683716 0.7787333130836487 0.019725000485777855 0.09036668390035629
5.0 0.005256250500679016 0.8409333229064941 0.010512501001358032 0.09229997545480728
5.0 0.0032874979078769684 0.5002332925796509 0.006574995815753937 0.11403334140777588
7.0 0.05329374969005585 0.9550416469573975 0.1065874993801117 0.0899166688323021
7.0 0.02631250023841858 0.774233341217041 0.05262500047683716 0.19059999287128448
7.0 0.0059250034391880035 0.42563334107398987 0.011850006878376007 0.06319999694824219
7.0 0.08375000208616257 0.6800000071525574 0.08249999582767487 0.10666664689779282
7.0 0.07240000367164612 0.45836663246154785 0.10257499665021896 0.17323334515094757
7.0 0.06184374913573265 0.26313337683677673 0.1236874982714653 0.16016674041748047
8.0 0.06184374913573265 0.6736666560173035 0.1236874982714653 0.12506668269634247
8.0 0.07052500545978546 0.8757666945457458 0.10632499307394028 0.09976664930582047
8.0 0.06185000017285347 0.7637999653816223 0.12370000034570694 0.27810001373291016
8.0 0.0625 0.9499333500862122 0.125 0.10013333708047867
8.0 0.0625 0.9846583604812622 0.125 0.03068331815302372
8.0 0.007237497717142105 0.84416663646698 0.01447499543428421 0.2718000113964081
8.0 0.005918750539422035 0.5287666916847229 0.01183750107884407 0.29910001158714294
8.0 0.046706248074769974 0.4907332956790924 0.09341249614953995 0.25233331322669983
8.0 0.0625 0.47673335671424866 0.125 0.2663000524044037
8.0 0.0625 0.26016664505004883 0.125 0.25733327865600586
8.0 0.00459999218583107 0.12248333543539047 0.00919998437166214 0.24496667087078094
8.0 0.022368749603629112 0.05142498016357422 0.044737499207258224 0.10284996032714844
8.0 0.07097499817609787 0.09950002282857895 0.10802499949932098 0.09096670150756836
8.0 0.05986874923110008 0.06107497215270996 0.11973749846220016 0.12214994430541992
6.0 0.1363999992609024 0.996358335018158 0.020150000229477882 0.007283329963684082
4.0 0.1827249974012375 0.7850666642189026 0.04175000265240669 0.07956663519144058
4.0 0.23409999907016754 0.4965333044528961 0.026099994778633118 0.08636665344238281
4.0 0.19245000183582306 0.02599998377263546 0.0322749987244606 0.05199996754527092
4.0 0.2797999978065491 0.028416672721505165 0.03590000420808792 0.05683334544301033
4.0 0.7526500225067139 0.3906666338443756 0.05267500877380371 0.10856660455465317
4.0 0.8340250253677368 0.6757000088691711 0.0522499680519104 0.09640002250671387
4.0 0.6765999794006348 0.9627666473388672 0.0334000289440155 0.059166669845581055
4.0 0.7303000092506409 0.9941583275794983 0.047449976205825806 0.011683344841003418
4.0 0.32784998416900635 0.8413666486740112 0.045200005173683167 0.08043333142995834
4.0 0.33340001106262207 0.5184000134468079 0.040175020694732666 0.0916999951004982
4.0 0.45467501878738403 0.4918000102043152 0.0432250052690506 0.07779999822378159
4.0 0.5088000297546387 0.8300999999046326 0.04920000582933426 0.06836668401956558
4.0 0.6925249695777893 0.47556671500205994 0.04295003414154053 0.07216664403676987
4.0 0.5029000043869019 0.28679999709129333 0.03737499564886093 0.06373325735330582
4.0 0.33219999074935913 0.2630999982357025 0.04597499594092369 0.07953325659036636
4.0 0.33192500472068787 0.13036663830280304 0.05330000817775726 0.09236669540405273
5.0 0.1469999998807907 0.030375003814697266 0.03085000067949295 0.06075000762939453
5.0 0.2264000028371811 0.03563332557678223 0.03435000032186508 0.07126665115356445
5.0 0.2649250030517578 0.13303335011005402 0.04039999097585678 0.09759998321533203
5.0 0.2700749933719635 0.2626333236694336 0.0375249981880188 0.09803327172994614
5.0 0.4351249933242798 0.2945000231266022 0.06237499415874481 0.10443338006734848
5.0 0.6208249926567078 0.4656333029270172 0.060074955224990845 0.11303329467773438
5.0 0.6792750358581543 0.3749333322048187 0.05329996347427368 0.13306665420532227
5.0 0.18195000290870667 0.4812000095844269 0.04809999838471413 0.10996663570404053
5.0 0.13487499952316284 0.7787333130836487 0.019725000485777855 0.09036668390035629
5.0 0.26159998774528503 0.8409333229064941 0.044224999845027924 0.09229997545480728
5.0 0.429749995470047 0.9940833449363708 0.05685000121593475 0.011833329685032368
5.0 0.6527500152587891 0.9961166381835938 0.03709995746612549 0.007766664028167725
5.0 0.6082000136375427 0.9763916730880737 0.03482499718666077 0.04721665382385254
5.0 0.43540000915527344 0.7938666939735413 0.04712498188018799 0.11976665258407593
5.0 0.38885000348091125 0.49873337149620056 0.043474987149238586 0.09596665948629379
5.0 0.26919999718666077 0.5002332925796509 0.0515500009059906 0.11403334140777588
7.0 0.22282500565052032 0.9550416469573975 0.15882499516010284 0.0899166688323021
7.0 0.2907249927520752 0.774233341217041 0.1866999864578247 0.19059999287128448
7.0 0.28940001130104065 0.42563334107398987 0.10250001400709152 0.06319999694824219
7.0 0.16625000536441803 0.6800000071525574 0.08249999582767487 0.10666664689779282
7.0 0.17759999632835388 0.45836663246154785 0.10257499665021896 0.17323334515094757
7.0 0.1926499903202057 0.26313337683677673 0.13267499208450317 0.16016674041748047
7.0 0.34777501225471497 0.04177502915263176 0.10084998607635498 0.08355005830526352
7.0 0.5005999803543091 0.015466690063476562 0.1933000087738037 0.030933380126953125
7.0 0.4861000180244446 0.12469998747110367 0.24852502346038818 0.23000001907348633
7.0 0.39239999651908875 0.3103000223636627 0.08482499420642853 0.12196668237447739
7.0 0.6507250070571899 0.2674333155155182 0.24617502093315125 0.2112000733613968
7.0 0.8276249766349792 0.36363330483436584 0.09472498297691345 0.25390005111694336
7.0 0.7613250017166138 0.5089333653450012 0.11740002036094666 0.12120000272989273
7.0 0.8631500005722046 0.6554999947547913 0.023674964904785156 0.2034999579191208
7.0 0.6546750068664551 0.7715333104133606 0.24092504382133484 0.1644333153963089
7.0 0.5926750302314758 0.9731500148773193 0.17217501997947693 0.05370001122355461
7.0 0.723924994468689 0.9341999888420105 0.05050000548362732 0.10926667600870132
7.0 0.8058750033378601 0.95086669921875 0.13824999332427979 0.09826666116714478
5.0 0.758650004863739 0.6639333367347717 0.04360002279281616 0.09893330186605453
8.0 0.19767500460147858 0.6736666560173035 0.14272500574588776 0.12506668269634247
8.0 0.17947499454021454 0.8757666945457458 0.10632499307394028 0.09976664930582047
8.0 0.26965001225471497 0.7637999653816223 0.2867000102996826 0.27810001373291016
8.0 0.244174987077713 0.9499333500862122 0.23834998905658722 0.10013333708047867
8.0 0.2687250077724457 0.9846583604812622 0.28744998574256897 0.03068331815302372
8.0 0.5644000172615051 0.9289166927337646 0.32615000009536743 0.14216665923595428
8.0 0.7335500121116638 0.9079833626747131 0.28290000557899475 0.1840333193540573
8.0 0.7539499998092651 0.9104083180427551 0.24210003018379211 0.17918331921100616
8.0 0.39180001616477966 0.84416663646698 0.31255000829696655 0.2718000113964081
8.0 0.6399999856948853 0.7916666865348816 0.4699999988079071 0.28999999165534973
8.0 0.8046000003814697 0.6661999821662903 0.14079996943473816 0.25576671957969666
8.0 0.7644749879837036 0.3595000207424164 0.221049964427948 0.36746659874916077
8.0 0.7105749845504761 0.5023333430290222 0.23957499861717224 0.20106665790081024
8.0 0.5304999947547913 0.5257666110992432 0.32940003275871277 0.2665000259876251
8.0 0.415024995803833 0.5287666916847229 0.35372501611709595 0.29910001158714294
8.0 0.27172499895095825 0.4907332956790924 0.2302749902009964 0.25233331322669983
8.0 0.20247499644756317 0.47673335671424866 0.15494999289512634 0.2663000524044037
8.0 0.2233249992132187 0.26016664505004883 0.19664999842643738 0.25733327865600586
8.0 0.3679499924182892 0.2758333683013916 0.2279750108718872 0.21896664798259735
8.0 0.6387500166893005 0.2633333206176758 0.4724999964237213 0.30666670203208923
8.0 0.6875 0.08213337510824203 0.375 0.16426675021648407
8.0 0.4498249888420105 0.04823334887623787 0.315449982881546 0.09646669775247574
8.0 0.548175036907196 0.12248333543539047 0.6147500276565552 0.24496667087078094
8.0 0.305649995803833 0.05142498016357422 0.20077498257160187 0.10284996032714844
8.0 0.17902499437332153 0.09950002282857895 0.10802499949932098 0.09096670150756836
8.0 0.22020000219345093 0.06107497215270996 0.17987501621246338 0.12214994430541992
4.0 0.9855062365531921 0.3906666338443756 0.02898751199245453 0.10856660455465317
4.0 0.9159749746322632 0.6757000088691711 0.0522499680519104 0.09640002250671387
4.0 0.9979875087738037 0.9941583275794983 0.004024997353553772 0.011683344841003418
7.0 0.9880937337875366 0.2674333155155182 0.02381250262260437 0.2112000733613968
7.0 0.9223750233650208 0.36363330483436584 0.09472498297691345 0.25390005111694336
7.0 0.9649875164031982 0.5089333653450012 0.0700249969959259 0.12120000272989273
7.0 0.8868499994277954 0.6554999947547913 0.023674964904785156 0.2034999579191208
7.0 0.9874312281608582 0.7715333104133606 0.025137513875961304 0.1644333153963089
7.0 0.9375 0.95086669921875 0.125 0.09826666116714478
5.0 0.9847750067710876 0.6639333367347717 0.03045003116130829 0.09893330186605453
8.0 0.9375 0.9079833626747131 0.125 0.1840333193540573
8.0 0.9375 0.9104083180427551 0.125 0.17918331921100616
8.0 0.9375 0.7916666865348816 0.125 0.28999999165534973
8.0 0.9375 0.6661999821662903 0.125 0.25576671957969666
8.0 0.9375 0.3595000207424164 0.125 0.36746659874916077
8.0 0.9598187208175659 0.5023333430290222 0.08036249876022339 0.20106665790081024
8.0 0.9375 0.2633333206176758 0.125 0.30666670203208923
8.0 0.9375 0.08213337510824203 0.125 0.16426675021648407
8.0 0.9472249746322632 0.12248333543539047 0.10555005073547363 0.24496667087078094
