10.0 0.9950887560844421 0.18015997111797333 0.009822491556406021 0.1911066323518753
10.0 0.4165099859237671 0.2797199785709381 0.11111247539520264 0.11671336740255356
10.0 0.6149600148200989 0.6196066737174988 0.1833600103855133 0.17734336853027344
10.0 0.6617199778556824 0.18015997111797333 0.1962050050497055 0.1911066323518753
10.0 0.325267493724823 0.5336000323295593 0.08564499020576477 0.07632335275411606
10.0 0.24439500272274017 0.38715997338294983 0.05732497572898865 0.04499673843383789
10.0 0.2108999788761139 0.41017666459083557 0.05427253246307373 0.03626330569386482
10.0 0.2718275189399719 0.3604567050933838 0.06449747085571289 0.04928000643849373
10.0 0.17927248775959015 0.385103315114975 0.06304746866226196 0.03742663189768791
10.0 0.24602001905441284 0.5431666970252991 0.055487483739852905 0.05287003517150879
10.0 0.324290007352829 0.34080997109413147 0.08353999257087708 0.07768996804952621
10.0 0.41409000754356384 0.549833357334137 0.11651748418807983 0.10331336408853531
10.0 0.21653248369693756 0.5224266648292542 0.046932488679885864 0.037253301590681076
10.0 0.18282999098300934 0.5003333687782288 0.05684003233909607 0.031440019607543945
10.0 0.16600248217582703 0.4934433400630951 0.05299249291419983 0.028553327545523643
10.0 0.017133742570877075 0.38715997338294983 0.03426748514175415 0.04499673843383789
10.0 0.03910002112388611 0.41017666459083557 0.05427253246307373 0.03626330569386482
10.0 0.005210608243942261 0.3604567050933838 0.010421216487884521 0.04928000643849373
10.0 0.07072751224040985 0.385103315114975 0.06304746866226196 0.03742663189768791
10.0 0.015861861407756805 0.5431666970252991 0.03172372281551361 0.05287003517150879
10.0 0.03346751630306244 0.5224266648292542 0.046932488679885864 0.037253301590681076
10.0 0.06717000901699066 0.5003333687782288 0.05684003233909607 0.031440019607543945
10.0 0.08399751782417297 0.4934433400630951 0.05299249291419983 0.028553327545523643
