6.0 0.5734687447547913 0.48912501335144043 0.08184376358985901 0.1767292022705078
6.0 0.38817185163497925 0.718500018119812 0.013328120112419128 0.027020851150155067
5.0 0.32557812333106995 0.9295833110809326 0.018359363079071045 0.03887498378753662
5.0 0.35999998450279236 0.7213541865348816 0.019484370946884155 0.04562497138977051
5.0 0.3414687514305115 0.5013124942779541 0.1048281341791153 0.24956245720386505
8.0 0.3718593716621399 0.34068751335144043 0.07964064180850983 0.07775004953145981
8.0 0.4515624940395355 0.7145208716392517 0.20521871745586395 0.16689586639404297
8.0 0.4172031283378601 0.9204375147819519 0.21199998259544373 0.10575000196695328
8.0 0.58203125 0.48124998807907104 0.5859375 0.7749999761581421
7.0 0.7328124642372131 0.47291669249534607 0.28437504172325134 0.47499993443489075
7.0 0.42737501859664917 0.9264583587646484 0.11515626311302185 0.07981248944997787
7.0 0.40114063024520874 0.7113749980926514 0.03926561772823334 0.0794374942779541
4.0 0.3521093726158142 0.9348750114440918 0.014125004410743713 0.03177082538604736
8.0 0.9375 0.48124998807907104 0.125 0.7749999761581421
7.0 0.9375 0.47291669249534607 0.125 0.47499993443489075
