6.0 0.42653125524520874 0.48912501335144043 0.08184376358985901 0.1767292022705078
6.0 0.6118281483650208 0.718500018119812 0.013328120112419128 0.027020851150155067
5.0 0.6744219064712524 0.9295833110809326 0.018359363079071045 0.03887498378753662
5.0 0.6399999856948853 0.7213541865348816 0.019484370946884155 0.04562497138977051
5.0 0.6585312485694885 0.5013124942779541 0.1048281341791153 0.24956245720386505
8.0 0.6281406283378601 0.34068751335144043 0.07964064180850983 0.07775004953145981
8.0 0.5484374761581421 0.7145208716392517 0.20521871745586395 0.16689586639404297
8.0 0.5827968716621399 0.9204375147819519 0.21199998259544373 0.10575000196695328
8.0 0.41796875 0.48124998807907104 0.5859375 0.7749999761581421
7.0 0.26718753576278687 0.47291669249534607 0.28437504172325134 0.47499993443489075
7.0 0.5726249814033508 0.9264583587646484 0.11515626311302185 0.07981248944997787
7.0 0.5988593697547913 0.7113749980926514 0.03926561772823334 0.0794374942779541
4.0 0.6478906273841858 0.9348750114440918 0.014125004410743713 0.03177082538604736
8.0 0.0625 0.48124998807907104 0.125 0.7749999761581421
7.0 0.0625 0.47291669249534607 0.125 0.47499993443489075
