7.0 0.9809027910232544 0.9027031064033508 0.0381944440305233 0.19459375739097595
8.0 0.5902777910232544 0.890625 0.8194444179534912 0.21875
4.0 0.7123056054115295 0.3658515512943268 0.48709720373153687 0.29420313239097595
5.0 0.2639583349227905 0.37571093440055847 0.1598750203847885 0.26667970418930054
7.0 0.9809027910232544 0.48792189359664917 0.0381944440305233 0.5383437871932983
8.0 0.5902777910232544 0.5 0.8194444179534912 0.5625
4.0 0.7123056054115295 0.109375 0.48709720373153687 0.21875
5.0 0.2639583349227905 0.0975644588470459 0.1598750203847885 0.1951289176940918
7.0 0.9809027910232544 0.109375 0.0381944440305233 0.21875
8.0 0.5902777910232544 0.109375 0.8194444179534912 0.21875
