8.0 0.7545729875564575 0.9717630743980408 0.49085402488708496 0.056473828852176666
6.0 0.6787189245223999 0.45758265256881714 0.12547361850738525 0.17172175645828247
7.0 0.6162888407707214 0.5156404972076416 0.20763199031352997 0.4722658693790436
5.0 0.9471817016601562 0.49344348907470703 0.10563664138317108 0.254965603351593
8.0 0.7545729875564575 0.5 0.49085402488708496 0.8870523571968079
6.0 0.21381211280822754 0.5424104928970337 0.17408381402492523 0.2052341252565384
5.0 0.4426397383213043 0.530392587184906 0.104627326130867 0.20860885083675385
7.0 0.05240684002637863 0.5038085579872131 0.10481368005275726 0.5234848260879517
8.0 0.2484472095966339 0.5059710741043091 0.4968944191932678 0.6018044352531433
8.0 0.7545729875564575 0.028236914426088333 0.49085402488708496 0.056473828852176666
