2.0 0.9890702962875366 0.6747222542762756 0.021859362721443176 0.24122217297554016
2.0 0.8260208368301392 0.3010370433330536 0.08572915941476822 0.2317778319120407
11.0 0.9600703120231628 0.28822219371795654 0.07985938340425491 0.4384814500808716
11.0 0.9710624814033508 0.9600787162780762 0.05787500739097595 0.07984261959791183
6.0 0.9182708263397217 0.2957407534122467 0.04488542675971985 0.13951852917671204
8.0 0.9583333134651184 0.15394443273544312 0.0833333283662796 0.30788886547088623
8.0 0.8917812705039978 0.3000277876853943 0.21643751859664917 0.6000555753707886
8.0 0.9901041388511658 0.7166666388511658 0.01979166455566883 0.5370370745658875
8.0 0.8935208320617676 0.9353796243667603 0.21295832097530365 0.12924078106880188
2.0 0.5354687571525574 0.6747222542762756 0.0977812334895134 0.24122217297554016
11.0 0.34687501192092896 0.028703689575195312 0.2562499940395355 0.057407379150390625
2.0 0.7364791631698608 0.3010370433330536 0.08572915941476822 0.2317778319120407
11.0 0.4738333523273468 0.28822219371795654 0.3370520770549774 0.4384814500808716
11.0 0.308447927236557 0.6455555558204651 0.179395854473114 0.4687036871910095
11.0 0.4844583570957184 0.9600787162780762 0.2718333303928375 0.07984261959791183
6.0 0.42751041054725647 0.6770370006561279 0.043135419487953186 0.1300000101327896
6.0 0.6442291736602783 0.2957407534122467 0.04488542675971985 0.13951852917671204
8.0 0.4322916567325592 0.15394443273544312 0.4270833432674408 0.30788886547088623
8.0 0.4988437592983246 0.3000277876853943 0.5601875185966492 0.6000555753707886
8.0 0.40052083134651184 0.7166666388511658 0.3635416626930237 0.5370370745658875
8.0 0.4971041679382324 0.9353796243667603 0.5567083358764648 0.12924078106880188
11.0 0.109375 0.028703689575195312 0.21875 0.057407379150390625
11.0 0.06609635055065155 0.28822219371795654 0.1321927011013031 0.4384814500808716
11.0 0.129052072763443 0.6455555558204651 0.179395854473114 0.4687036871910095
11.0 0.04447915405035019 0.9600787162780762 0.08895830810070038 0.07984261959791183
6.0 0.015778645873069763 0.6770370006561279 0.031557291746139526 0.1300000101327896
8.0 0.109375 0.15394443273544312 0.21875 0.30788886547088623
8.0 0.109375 0.3000277876853943 0.21875 0.6000555753707886
8.0 0.109375 0.7166666388511658 0.21875 0.5370370745658875
8.0 0.109375 0.9353796243667603 0.21875 0.12924078106880188
