7.0 0.6785212159156799 0.9636523723602295 0.4517715573310852 0.0726953074336052
2.0 0.9988982677459717 0.9821508526802063 0.0022035210859030485 0.035698242485523224
8.0 0.5 0.9609936475753784 1.0 0.07801269739866257
7.0 0.6785212159156799 0.6416601538658142 0.4517715573310852 0.19605469703674316
7.0 0.7119619250297546 0.3671288788318634 0.41717422008514404 0.15528318285942078
6.0 0.956178605556488 0.6208887100219727 0.06469985842704773 0.06269530206918716
6.0 0.9394582509994507 0.4039550721645355 0.05909221991896629 0.05710941180586815
2.0 0.9871193170547485 0.3861328065395355 0.025761349126696587 0.1285644769668579
2.0 0.9988982677459717 0.6417480707168579 0.0022035210859030485 0.12188475579023361
8.0 0.5 0.6031445264816284 1.0 0.2837207019329071
8.0 0.5 0.3455468714237213 1.0 0.29762694239616394
7.0 0.7119619250297546 0.021760255098342896 0.41717422008514404 0.04352051019668579
2.0 0.9871193170547485 0.0055786180309951305 0.025761349126696587 0.011157236061990261
8.0 0.5 0.06813720613718033 1.0 0.13627441227436066
