2.0 0.007387504912912846 0.5979614853858948 0.014775009825825691 0.2049231082201004
8.0 0.0068062529899179935 0.5697307586669922 0.013612505979835987 0.6013076901435852
2.0 0.382999986410141 0.5979614853858948 0.09555000811815262 0.2049231082201004
1.0 0.5439000129699707 0.5329999923706055 0.053725022822618484 0.16350004076957703
1.0 0.600974977016449 0.811846137046814 0.06557504087686539 0.08826924860477448
7.0 0.6284250020980835 0.5234230756759644 0.2682249844074249 0.29103848338127136
8.0 0.5522750020027161 0.5697307586669922 0.43177497386932373 0.6013076901435852
6.0 0.47142499685287476 0.5654230713844299 0.03602500259876251 0.10561539232730865
7.0 0.9437312483787537 0.5234230756759644 0.11253749579191208 0.29103848338127136
8.0 0.9409187436103821 0.5697307586669922 0.11816248297691345 0.6013076901435852
