6.0 0.29902371764183044 0.9967585802078247 0.03677288815379143 0.006482839584350586
2.0 0.1942320317029953 0.9837377667427063 0.09270834922790527 0.032524511218070984
11.0 0.5165808796882629 0.9615257382392883 0.34933820366859436 0.07694852352142334
8.0 0.5698529481887817 0.9446752667427063 0.8602941632270813 0.11064951121807098
6.0 0.27200570702552795 0.5101593136787415 0.04809228703379631 0.05760108679533005
6.0 0.29902371764183044 0.7237561345100403 0.03677288815379143 0.0654534325003624
6.0 0.20987744629383087 0.2939368784427643 0.04638481140136719 0.06725183129310608
2.0 0.07902777194976807 0.28718137741088867 0.10332107543945312 0.12671872973442078
2.0 0.15096811950206757 0.5080913305282593 0.10013888031244278 0.11688418686389923
2.0 0.1942320317029953 0.7304472923278809 0.09270834922790527 0.10415441542863846
11.0 0.5165808796882629 0.731412410736084 0.34933820366859436 0.1910722851753235
11.0 0.4720057249069214 0.5111887454986572 0.32962822914123535 0.21178923547267914
11.0 0.4480350911617279 0.2752206027507782 0.3919893503189087 0.23949140310287476
8.0 0.5698529481887817 0.7408363819122314 0.8602941632270813 0.2396262288093567
8.0 0.5443218946456909 0.5212101936340332 0.9113561511039734 0.2560845613479614
8.0 0.5106208920478821 0.26840686798095703 0.9787581562995911 0.2868137061595917
2.0 0.07902777194976807 0.013088993728160858 0.10332107543945312 0.026177987456321716
11.0 0.4480350911617279 0.04726254940032959 0.3919893503189087 0.09452509880065918
8.0 0.5106208920478821 0.0625 0.9787581562995911 0.125
