2.0 0.10881249606609344 0.8837777972221375 0.05248437821865082 0.15163888037204742
2.0 0.15473437309265137 0.41272225975990295 0.052140627056360245 0.1493055522441864
2.0 0.14290624856948853 0.006583372596651316 0.05348437279462814 0.013166745193302631
6.0 0.08871874958276749 0.41297224164009094 0.03239062428474426 0.09325006604194641
6.0 0.03676562011241913 0.8543888926506042 0.03137500584125519 0.09533330798149109
7.0 0.015628911554813385 0.8711666464805603 0.03125782310962677 0.20069442689418793
11.0 0.044089846312999725 0.4021666944026947 0.08817969262599945 0.3410555422306061
7.0 0.03738672286272049 0.034354209899902344 0.07477344572544098 0.06870841979980469
8.0 0.08482421934604645 0.12363889813423157 0.1696484386920929 0.24727779626846313
8.0 0.09040234237909317 0.43613889813423157 0.18080468475818634 0.5072222948074341
8.0 0.07187499850988388 0.824999988079071 0.14374999701976776 0.3500000238418579
2.0 0.32868748903274536 0.8837777972221375 0.05248437821865082 0.15163888037204742
2.0 0.28276562690734863 0.41272225975990295 0.052140627056360245 0.1493055522441864
2.0 0.2945937514305115 0.006583372596651316 0.05348437279462814 0.013166745193302631
6.0 0.3487812578678131 0.41297224164009094 0.03239062428474426 0.09325006604194641
6.0 0.4007343649864197 0.8543888926506042 0.03137500584125519 0.09533330798149109
7.0 0.4817812442779541 0.8711666464805603 0.15107813477516174 0.20069442689418793
11.0 0.4676874876022339 0.4021666944026947 0.23673439025878906 0.3410555422306061
7.0 0.4829999804496765 0.034354209899902344 0.24054688215255737 0.06870841979980469
8.0 0.5245468616485596 0.12363889813423157 0.5133906602859497 0.24727779626846313
8.0 0.5189687609672546 0.43613889813423157 0.5245468616485596 0.5072222948074341
8.0 0.5375000238418579 0.824999988079071 0.48750001192092896 0.3500000238418579
1.0 0.5927656292915344 0.889388918876648 0.07170315831899643 0.12452774494886398
1.0 0.5917656421661377 0.8122499585151672 0.07640627771615982 0.08830557763576508
11.0 0.9882226586341858 0.4021666944026947 0.023554686456918716 0.3410555422306061
7.0 0.9796133041381836 0.034354209899902344 0.0407734289765358 0.06870841979980469
8.0 0.8906289339065552 0.12363889813423157 0.21874219179153442 0.24727779626846313
8.0 0.8906289339065552 0.43613889813423157 0.21874219179153442 0.5072222948074341
8.0 0.890625 0.824999988079071 0.21875 0.3500000238418579
1.0 0.9669414162635803 0.889388918876648 0.06611721962690353 0.12452774494886398
1.0 0.9662656188011169 0.8122499585151672 0.06746874749660492 0.08830557763576508
