8.0 0.04022049158811569 0.8892027139663696 0.08044098317623138 0.22159457206726074
5.0 0.0008663202752359211 0.5544648766517639 0.0017326405504718423 0.03749186545610428
5.0 0.0066545214504003525 0.18767566978931427 0.013309042900800705 0.04313506931066513
5.0 0.062076386064291 0.07129187881946564 0.09459028393030167 0.14258375763893127
8.0 0.5491874814033508 0.8892027139663696 0.5439791679382324 0.22159457206726074
8.0 0.5611805319786072 0.682583749294281 0.37813887000083923 0.23530812561511993
8.0 0.38818055391311646 0.5533189177513123 0.0576111264526844 0.050605401396751404
8.0 0.39359721541404724 0.6920108199119568 0.03603474050760269 0.02185945212841034
7.0 0.4016597270965576 0.6934270262718201 0.01974998600780964 0.022627010941505432
7.0 0.39980554580688477 0.5480324029922485 0.02067359909415245 0.021535152569413185
5.0 0.36412498354911804 0.5544648766517639 0.016437485814094543 0.03749186545610428
5.0 0.3860694468021393 0.6942161917686462 0.011722240597009659 0.024659480899572372
5.0 0.39645832777023315 0.6308000087738037 0.05101388692855835 0.13347025215625763
5.0 0.4436388909816742 0.5304540991783142 0.05741666629910469 0.15758918225765228
5.0 0.36849305033683777 0.306670218706131 0.020548628643155098 0.04659464955329895
5.0 0.4359791576862335 0.2986702620983124 0.05135415121912956 0.14188100397586823
5.0 0.35248610377311707 0.18767566978931427 0.01631251536309719 0.04313506931066513
5.0 0.2955625057220459 0.07129187881946564 0.09459028393030167 0.14258375763893127
4.0 0.3825416564941406 0.18298375606536865 0.023180564865469933 0.03811884671449661
4.0 0.4099375009536743 0.1038162112236023 0.1011180579662323 0.14601071178913116
4.0 0.3948749899864197 0.3121945559978485 0.015444456599652767 0.03194590285420418
4.0 0.4925069510936737 0.2863135039806366 0.05098612979054451 0.08731885254383087
4.0 0.45647916197776794 0.6511351466178894 0.05531945452094078 0.0891999825835228
4.0 0.5180277824401855 0.5740648508071899 0.06962499022483826 0.11721085011959076
7.0 0.6243472099304199 0.9169242978096008 0.38873612880706787 0.16615137457847595
7.0 0.5954583287239075 0.7041189074516296 0.23143057525157928 0.15620535612106323
7.0 0.690541684627533 0.574356734752655 0.25261110067367554 0.30762162804603577
7.0 0.640083372592926 0.3273729681968689 0.258166640996933 0.22501614689826965
7.0 0.6267361044883728 0.1280459612607956 0.3888888955116272 0.2560919225215912
7.0 0.4270624816417694 0.206032395362854 0.042784713208675385 0.05328647419810295
8.0 0.9105920195579529 0.8892027139663696 0.17881596088409424 0.22159457206726074
8.0 0.9460555911064148 0.682583749294281 0.10788886249065399 0.23530812561511993
7.0 0.9118229150772095 0.9169242978096008 0.17635416984558105 0.16615137457847595
7.0 0.9655937552452087 0.7041189074516296 0.06881251186132431 0.15620535612106323
7.0 0.9127569198608398 0.574356734752655 0.17448611557483673 0.30762162804603577
7.0 0.9365972280502319 0.3273729681968689 0.12680555880069733 0.22501614689826965
7.0 0.9105902910232544 0.1280459612607956 0.1788194477558136 0.2560919225215912
