4.0 0.8574249744415283 0.9929861426353455 0.029431255534291267 0.01402775477617979
4.0 0.8363437652587891 0.6830999851226807 0.024775002151727676 0.062077734619379044
4.0 0.8816187381744385 0.06702221930027008 0.02573750540614128 0.03496657311916351
4.0 0.8815125226974487 0.3266555964946747 0.02551875449717045 0.056444380432367325
5.0 0.831262469291687 0.9955278038978577 0.018781255930662155 0.008944432251155376
5.0 0.8045750260353088 0.6791444420814514 0.025824997574090958 0.08478885143995285
5.0 0.8504437208175659 0.3292333781719208 0.02171875163912773 0.08092223107814789
5.0 0.8388687372207642 0.03391949459910393 0.02981874719262123 0.06783898919820786
7.0 0.9290937185287476 0.9744083285331726 0.10819374024868011 0.05118332803249359
7.0 0.9286468625068665 0.6944888830184937 0.1427062600851059 0.15410000085830688
7.0 0.9484359622001648 0.3226778209209442 0.10312812030315399 0.15698878467082977
7.0 0.9411453008651733 0.029291629791259766 0.11770936846733093 0.05858325958251953
8.0 0.9453140497207642 0.045033350586891174 0.1093718633055687 0.09006670117378235
8.0 0.9114578366279602 0.10799164324998856 0.17708438634872437 0.2159832864999771
1.0 0.9994797110557556 0.3433888852596283 0.0010406263172626495 0.037788815796375275
1.0 0.9683812260627747 0.7008444666862488 0.026343751698732376 0.05251111090183258
1.0 0.9753687381744385 0.7043333649635315 0.04031876474618912 0.06035561114549637
1.0 0.998214066028595 0.9860888719558716 0.0035718772560358047 0.027822230011224747
8.0 0.9093734622001648 0.9665416479110718 0.181253120303154 0.06691667437553406
8.0 0.8947921991348267 0.7083889245986938 0.21041561663150787 0.23372215032577515
8.0 0.9192718863487244 0.3017667233943939 0.16145625710487366 0.23214446008205414
4.0 0.7050750255584717 0.9929861426353455 0.029431255534291267 0.01402775477617979
4.0 0.7261562347412109 0.6830999851226807 0.024775002151727676 0.062077734619379044
4.0 0.6808812618255615 0.06702221930027008 0.02573750540614128 0.03496657311916351
4.0 0.6809874773025513 0.3266555964946747 0.02551875449717045 0.056444380432367325
5.0 0.731237530708313 0.9955278038978577 0.018781255930662155 0.008944432251155376
5.0 0.7579249739646912 0.6791444420814514 0.025824997574090958 0.08478885143995285
5.0 0.7120562791824341 0.3292333781719208 0.02171875163912773 0.08092223107814789
5.0 0.7236312627792358 0.03391949459910393 0.02981874719262123 0.06783898919820786
7.0 0.6334062814712524 0.9744083285331726 0.10819374024868011 0.05118332803249359
7.0 0.6277437806129456 0.6944888830184937 0.15492498874664307 0.15410000085830688
7.0 0.6057500243186951 0.3226778209209442 0.11975623667240143 0.15698878467082977
7.0 0.5890499949455261 0.029291629791259766 0.1823187619447708 0.05858325958251953
8.0 0.46277499198913574 0.045033350586891174 0.4181937277317047 0.09006670117378235
8.0 0.47916877269744873 0.10799164324998856 0.5208312273025513 0.2159832864999771
1.0 0.5488250255584717 0.31348884105682373 0.0210999995470047 0.03463342413306236
1.0 0.5508437752723694 0.3433888852596283 0.02539374679327011 0.037788815796375275
1.0 0.5941187739372253 0.7008444666862488 0.026343751698732376 0.05251111090183258
1.0 0.5871312618255615 0.7043333649635315 0.04031876474618912 0.06035561114549637
1.0 0.5524687767028809 0.9860888719558716 0.02720624953508377 0.027822230011224747
8.0 0.5622437596321106 0.9665416479110718 0.3630187511444092 0.06691667437553406
8.0 0.5830687284469604 0.7083889245986938 0.37969374656677246 0.23372215032577515
8.0 0.549262523651123 0.3017667233943939 0.3493874669075012 0.23214446008205414
8.0 0.0919109359383583 0.045033350586891174 0.1838218718767166 0.09006670117378235
8.0 0.10937342047691345 0.10799164324998856 0.2187468409538269 0.2159832864999771
8.0 0.028382815420627594 0.9665416479110718 0.05676563084125519 0.06691667437553406
8.0 0.022139068692922592 0.7083889245986938 0.044278137385845184 0.23372215032577515
8.0 0.03146561235189438 0.3017667233943939 0.06293122470378876 0.23214446008205414
