4.0 0.1425749957561493 0.9929861426353455 0.029431255534291267 0.01402775477617979
4.0 0.16365624964237213 0.6830999851226807 0.024775002151727676 0.062077734619379044
4.0 0.11838125437498093 0.06702221930027008 0.02573750540614128 0.03496657311916351
4.0 0.11848749965429306 0.3266555964946747 0.02551875449717045 0.056444380432367325
5.0 0.1687375009059906 0.9955278038978577 0.018781255930662155 0.008944432251155376
5.0 0.19542500376701355 0.6791444420814514 0.025824997574090958 0.08478885143995285
5.0 0.1495562493801117 0.3292333781719208 0.02171875163912773 0.08092223107814789
5.0 0.16113124787807465 0.03391949459910393 0.02981874719262123 0.06783898919820786
7.0 0.07090625166893005 0.9744083285331726 0.10819374024868011 0.05118332803249359
7.0 0.07135313004255295 0.6944888830184937 0.1427062600851059 0.15410000085830688
7.0 0.051564060151576996 0.3226778209209442 0.10312812030315399 0.15698878467082977
7.0 0.058854684233665466 0.029291629791259766 0.11770936846733093 0.05858325958251953
8.0 0.05468593165278435 0.045033350586891174 0.1093718633055687 0.09006670117378235
8.0 0.08854219317436218 0.10799164324998856 0.17708438634872437 0.2159832864999771
1.0 0.0005203131586313248 0.3433888852596283 0.0010406263172626495 0.037788815796375275
1.0 0.03161874786019325 0.7008444666862488 0.026343751698732376 0.05251111090183258
1.0 0.024631258100271225 0.7043333649635315 0.04031876474618912 0.06035561114549637
1.0 0.0017859386280179024 0.9860888719558716 0.0035718772560358047 0.027822230011224747
8.0 0.090626560151577 0.9665416479110718 0.181253120303154 0.06691667437553406
8.0 0.10520780831575394 0.7083889245986938 0.21041561663150787 0.23372215032577515
8.0 0.08072812855243683 0.3017667233943939 0.16145625710487366 0.23214446008205414
4.0 0.2949250042438507 0.9929861426353455 0.029431255534291267 0.01402775477617979
4.0 0.27384376525878906 0.6830999851226807 0.024775002151727676 0.062077734619379044
4.0 0.3191187381744385 0.06702221930027008 0.02573750540614128 0.03496657311916351
4.0 0.31901249289512634 0.3266555964946747 0.02551875449717045 0.056444380432367325
5.0 0.2687624990940094 0.9955278038978577 0.018781255930662155 0.008944432251155376
5.0 0.24207499623298645 0.6791444420814514 0.025824997574090958 0.08478885143995285
5.0 0.2879437506198883 0.3292333781719208 0.02171875163912773 0.08092223107814789
5.0 0.27636873722076416 0.03391949459910393 0.02981874719262123 0.06783898919820786
7.0 0.36659374833106995 0.9744083285331726 0.10819374024868011 0.05118332803249359
7.0 0.37225624918937683 0.6944888830184937 0.15492498874664307 0.15410000085830688
7.0 0.3942500054836273 0.3226778209209442 0.11975623667240143 0.15698878467082977
7.0 0.4109500050544739 0.029291629791259766 0.1823187619447708 0.05858325958251953
8.0 0.5372250080108643 0.045033350586891174 0.4181937277317047 0.09006670117378235
8.0 0.5208312273025513 0.10799164324998856 0.5208312273025513 0.2159832864999771
1.0 0.4511750042438507 0.31348884105682373 0.0210999995470047 0.03463342413306236
1.0 0.449156254529953 0.3433888852596283 0.02539374679327011 0.037788815796375275
1.0 0.40588125586509705 0.7008444666862488 0.026343751698732376 0.05251111090183258
1.0 0.4128687381744385 0.7043333649635315 0.04031876474618912 0.06035561114549637
1.0 0.44753125309944153 0.9860888719558716 0.02720624953508377 0.027822230011224747
8.0 0.4377562403678894 0.9665416479110718 0.3630187511444092 0.06691667437553406
8.0 0.41693127155303955 0.7083889245986938 0.37969374656677246 0.23372215032577515
8.0 0.45073747634887695 0.3017667233943939 0.3493874669075012 0.23214446008205414
8.0 0.9080890417098999 0.045033350586891174 0.1838218718767166 0.09006670117378235
8.0 0.8906265497207642 0.10799164324998856 0.2187468409538269 0.2159832864999771
8.0 0.9716171622276306 0.9665416479110718 0.05676563084125519 0.06691667437553406
8.0 0.9778609275817871 0.7083889245986938 0.044278137385845184 0.23372215032577515
8.0 0.9685344099998474 0.3017667233943939 0.06293122470378876 0.23214446008205414
