7.0 0.7572222352027893 0.9929805397987366 0.485555499792099 0.014038876630365849
8.0 0.5183333158493042 0.9929805397987366 0.9633333086967468 0.014038876630365849
4.0 0.3740444481372833 0.8430885672569275 0.2029111236333847 0.24123108386993408
4.0 0.4330444037914276 0.2103455811738968 0.16904442012310028 0.2252267748117447
7.0 0.7872222065925598 0.22758100926876068 0.425555557012558 0.34550756216049194
7.0 0.7572222352027893 0.7861770987510681 0.485555499792099 0.3995680510997772
5.0 0.1469111144542694 0.8118358254432678 0.2005111277103424 0.28933045268058777
5.0 0.22635555267333984 0.21796977519989014 0.126066654920578 0.23876886069774628
8.0 0.5816667079925537 0.2458963245153427 0.8366666436195374 0.4636933505535126
8.0 0.5183333158493042 0.6976242065429688 0.9633333086967468 0.5766738653182983
8.0 0.5816667079925537 0.007014051079750061 0.8366666436195374 0.014028102159500122
