7.0 0.46799996495246887 0.9030963778495789 0.6874537467956543 0.19380728900432587
4.0 0.8157407641410828 0.9482604265213013 0.03517596051096916 0.037609364837408066
7.0 0.2210092544555664 0.9899023771286011 0.22464816272258759 0.020195303484797478
8.0 0.4669073820114136 0.8935468792915344 0.7205092310905457 0.21290625631809235
8.0 0.44356486201286316 0.966463565826416 0.6560832858085632 0.06707292795181274
4.0 0.41442593932151794 0.42694270610809326 0.18966668844223022 0.12053646147251129
7.0 0.46799996495246887 0.6492031216621399 0.6874537467956543 0.21420834958553314
4.0 0.8157407641410828 0.6142395734786987 0.03517596051096916 0.037609364837408066
7.0 0.2210092544555664 0.4575468599796295 0.22464816272258759 0.2502968907356262
8.0 0.4669073820114136 0.6553750038146973 0.7205092310905457 0.24006250500679016
8.0 0.44356486201286316 0.4781145751476288 0.6560832858085632 0.30291667580604553
5.0 0.6948148608207703 0.46357810497283936 0.15975920855998993 0.16184896230697632
4.0 0.41442593932151794 0.03541276603937149 0.18966668844223022 0.07082553207874298
7.0 0.2210092544555664 0.0525507926940918 0.22464816272258759 0.1051015853881836
8.0 0.44356486201286316 0.05542188137769699 0.6560832858085632 0.11084376275539398
5.0 0.6948148608207703 0.027423188090324402 0.15975920855998993 0.054846376180648804
