4.0 0.5647870302200317 0.9820898771286011 0.15426847338676453 0.03582029417157173
4.0 0.4813148081302643 0.8682291507720947 0.1169629618525505 0.04421354457736015
4.0 0.37744441628456116 0.9168280959129333 0.12526851892471313 0.04765624925494194
5.0 0.36217594146728516 0.9534440040588379 0.14410188794136047 0.09311198443174362
5.0 0.22786109149456024 0.9332447648048401 0.11003705859184265 0.06659895181655884
5.0 0.24566666781902313 0.8362187743186951 0.13330554962158203 0.10993228852748871
8.0 0.44798147678375244 0.8362864851951599 0.5317685008049011 0.10879687964916229
8.0 0.2944444417953491 0.9146614670753479 0.24321290850639343 0.07804686576128006
8.0 0.5945740342140198 0.8909440040588379 0.6150739789009094 0.21811196208000183
4.0 0.5647870302200317 0.5544687509536743 0.15426847338676453 0.08770310133695602
4.0 0.4813148081302643 0.6942708492279053 0.1169629618525505 0.04421354457736015
4.0 0.37744441628456116 0.6456719040870667 0.12526851892471313 0.04765624925494194
4.0 0.45737963914871216 0.37884894013404846 0.09377781301736832 0.08130727708339691
4.0 0.43950924277305603 0.28576043248176575 0.10740736126899719 0.09387503564357758
5.0 0.6548981070518494 0.3882864713668823 0.05052778497338295 0.076317697763443
5.0 0.29160186648368835 0.3938697874546051 0.1387685090303421 0.13459372520446777
5.0 0.24610185623168945 0.287296861410141 0.14035183191299438 0.11163018643856049
5.0 0.36217594146728516 0.5874426960945129 0.14410188794136047 0.13633853197097778
5.0 0.22786109149456024 0.6292552351951599 0.11003705859184265 0.06659895181655884
5.0 0.24566666781902313 0.7262812256813049 0.13330554962158203 0.10993228852748871
8.0 0.44798147678375244 0.7262135148048401 0.5317685008049011 0.10879687964916229
8.0 0.2944444417953491 0.6478385329246521 0.24321290850639343 0.07804686576128006
8.0 0.5945740342140198 0.6137604117393494 0.6150739789009094 0.33370310068130493
8.0 0.33826854825019836 0.3921041488647461 0.26294443011283875 0.1346510499715805
8.0 0.5333333611488342 0.37838542461395264 0.7277778387069702 0.3192708492279053
4.0 0.45737963914871216 0.05865105614066124 0.09377781301736832 0.08130727708339691
4.0 0.43950924277305603 0.15173956751823425 0.10740736126899719 0.09387503564357758
5.0 0.6548981070518494 0.04921353608369827 0.05052778497338295 0.076317697763443
5.0 0.29160186648368835 0.05546353757381439 0.1387685090303421 0.11092707514762878
5.0 0.24610185623168945 0.150203138589859 0.14035183191299438 0.11163018643856049
8.0 0.33826854825019836 0.05636068433523178 0.26294443011283875 0.11272136867046356
8.0 0.5333333611488342 0.109375 0.7277778387069702 0.21875
