19.0 0.0546875 0.6853194236755371 0.109375 0.6293611526489258
3.0 0.15543749928474426 0.9823020696640015 0.1266171932220459 0.03539583459496498
23.0 0.0488281212747097 0.30972224473953247 0.0976562425494194 0.6194444894790649
6.0 0.03671874850988388 0.7489721775054932 0.03511719033122063 0.07024998217821121
2.0 0.0980234369635582 0.7833472490310669 0.05976561829447746 0.19106949865818024
11.0 0.0164335984736681 0.8299305438995361 0.0328671969473362 0.3185138702392578
8.0 0.06361718475818634 0.8307638764381409 0.12723436951637268 0.3211250305175781
19.0 0.4409452974796295 0.6853194236755371 0.22564060986042023 0.6293611526489258
3.0 0.28206250071525574 0.9823020696640015 0.1266171932220459 0.03539583459496498
10.0 0.5356796979904175 0.633513867855072 0.022249996662139893 0.044999971985816956
23.0 0.560546875 0.30972224473953247 0.44140625 0.6194444894790649
6.0 0.4007812440395355 0.7489721775054932 0.03511719033122063 0.07024998217821121
2.0 0.3394765555858612 0.7833472490310669 0.05976561829447746 0.19106949865818024
11.0 0.5261015295982361 0.8299305438995361 0.24293750524520874 0.3185138702392578
8.0 0.5457578301429749 0.8307638764381409 0.4709843695163727 0.3211250305175781
23.0 0.890625 0.30972224473953247 0.21875 0.6194444894790649
11.0 0.9574648141860962 0.8299305438995361 0.08507031202316284 0.3185138702392578
8.0 0.890625 0.8307638764381409 0.21875 0.3211250305175781
