11.0 0.03571289777755737 0.42023617029190063 0.07142579555511475 0.48347219824790955
8.0 0.109375 0.4780277609825134 0.21875 0.6099444627761841
2.0 0.17435938119888306 0.43159717321395874 0.08878125250339508 0.29409727454185486
6.0 0.08823437243700027 0.44458332657814026 0.07352343201637268 0.13716670870780945
1.0 0.5385078191757202 0.7344722151756287 0.05470311641693115 0.08515273034572601
1.0 0.579031229019165 0.601361095905304 0.09779689460992813 0.204611137509346
11.0 0.5177343487739563 0.42023617029190063 0.3033203184604645 0.48347219824790955
8.0 0.4432031214237213 0.4780277609825134 0.4489062428474426 0.6099444627761841
2.0 0.26314061880111694 0.43159717321395874 0.08878125250339508 0.29409727454185486
6.0 0.3492656350135803 0.44458332657814026 0.07352343201637268 0.13716670870780945
1.0 0.9983203411102295 0.7344722151756287 0.003359362483024597 0.08515273034572601
1.0 0.96728515625 0.601361095905304 0.0654297024011612 0.204611137509346
11.0 0.9465527534484863 0.42023617029190063 0.10689450800418854 0.48347219824790955
8.0 0.9474219083786011 0.4780277609825134 0.10515623539686203 0.6099444627761841
