4.0 0.571468710899353 0.29261112213134766 0.1443515419960022 0.3835417330265045
4.0 0.5543437600135803 0.7148610949516296 0.13426561653614044 0.44056951999664307
1.0 0.6898437142372131 0.7701389193534851 0.18281252682209015 0.4236111044883728
1.0 0.7020078301429749 0.8227360844612122 0.1584843546152115 0.28163889050483704
1.0 0.6564062237739563 0.339680552482605 0.12436719238758087 0.67936110496521
1.0 0.7090156078338623 0.22582636773586273 0.06981246918439865 0.45165273547172546
4.0 0.9594277739524841 0.29261112213134766 0.08114449679851532 0.3835417330265045
4.0 0.9705117344856262 0.7148610949516296 0.058976542204618454 0.44056951999664307
1.0 0.8726562857627869 0.7701389193534851 0.18281252682209015 0.4236111044883728
1.0 0.8604921698570251 0.8227360844612122 0.1584843546152115 0.28163889050483704
1.0 0.9060937762260437 0.339680552482605 0.12436719238758087 0.67936110496521
1.0 0.8534843921661377 0.22582636773586273 0.06981246918439865 0.45165273547172546
