11.0 0.0005221404135227203 0.3302222490310669 0.0010442808270454407 0.1494074910879135
6.0 0.0384739525616169 0.32156479358673096 0.023046880960464478 0.059222325682640076
5.0 0.09789062291383743 0.31539809703826904 0.06463021785020828 0.10080549120903015
8.0 0.06666666269302368 0.4361018240451813 0.13333332538604736 0.3671759068965912
15.0 0.109375 0.5 0.21875 1.0
11.0 0.5186874866485596 0.3302222490310669 0.16446353495121002 0.1494074910879135
6.0 0.3990260362625122 0.32156479358673096 0.023046880960464478 0.059222325682640076
5.0 0.33960938453674316 0.31539809703826904 0.06463021785020828 0.10080549120903015
8.0 0.5427083373069763 0.4361018240451813 0.47708332538604736 0.3671759068965912
15.0 0.5 0.5 0.5625 1.0
11.0 0.980790376663208 0.3302222490310669 0.03841925412416458 0.1494074910879135
8.0 0.890625 0.4361018240451813 0.21875 0.3671759068965912
15.0 0.890625 0.5 0.21875 1.0
