3.0 0.10267969220876694 0.3497222363948822 0.20535938441753387 0.23562495410442352
8.0 0.20000000298023224 0.5416666269302368 0.03750000149011612 0.14722225069999695
11.0 0.032314449548721313 0.36048614978790283 0.06462889909744263 0.3109166920185089
2.0 0.11345311999320984 0.3720417022705078 0.06145313009619713 0.13124996423721313
8.0 0.07310156524181366 0.35633334517478943 0.14620313048362732 0.305722177028656
3.0 0.5066953301429749 0.3497222363948822 0.5491093993186951 0.23562495410442352
8.0 0.23749999701976776 0.5416666269302368 0.03750000149011612 0.14722225069999695
11.0 0.4453046917915344 0.36048614978790283 0.1448671817779541 0.3109166920185089
2.0 0.32404688000679016 0.3720417022705078 0.06145313009619713 0.13124996423721313
8.0 0.5362734198570251 0.35633334517478943 0.4899531304836273 0.305722177028656
3.0 0.890625 0.3497222363948822 0.21875 0.23562495410442352
8.0 0.890625 0.35633334517478943 0.21875 0.305722177028656
