2.0 0.06410156190395355 0.5801666378974915 0.0436718687415123 0.07630559802055359
2.0 0.07181250303983688 0.878333330154419 0.032718759030103683 0.09505558013916016
2.0 0.012289056554436684 0.7905416488647461 0.02007029950618744 0.028569433838129044
2.0 0.05488282069563866 0.06187502667307854 0.012999996542930603 0.025583267211914062
7.0 0.018970701843500137 0.0392778180539608 0.037941403687000275 0.04695828631520271
7.0 0.016740234568715096 0.6268610954284668 0.03348046913743019 0.10988892614841461
8.0 0.02957812510430813 0.05127779766917229 0.05915625020861626 0.06265279650688171
6.0 0.03785937651991844 0.06634722650051117 0.009101573377847672 0.016652848571538925
6.0 0.035093750804662704 0.5944861173629761 0.014632824808359146 0.03576384484767914
6.0 0.03513281047344208 0.8774027824401855 0.01901562139391899 0.05326387658715248
8.0 0.04352733865380287 0.6115000247955322 0.08705467730760574 0.15651385486125946
8.0 0.011162111535668373 0.7991249561309814 0.022324223071336746 0.043152809143066406
8.0 0.04519921913743019 0.9005555510520935 0.09039843827486038 0.19345834851264954
11.0 0.01897265389561653 0.9092847108840942 0.03794530779123306 0.18143054842948914
2.0 0.37339845299720764 0.5801666378974915 0.0436718687415123 0.07630559802055359
2.0 0.3656874895095825 0.878333330154419 0.032718759030103683 0.09505558013916016
2.0 0.42521095275878906 0.7905416488647461 0.02007029950618744 0.028569433838129044
2.0 0.47574999928474426 0.26563888788223267 0.020695321261882782 0.03869438171386719
2.0 0.38261717557907104 0.06187502667307854 0.012999996542930603 0.025583267211914062
1.0 0.453249990940094 0.06438890844583511 0.01588280126452446 0.020555496215820312
1.0 0.5400781631469727 0.2472083866596222 0.010953135788440704 0.016013886779546738
2.0 0.4873124957084656 0.5048888921737671 0.017039068043231964 0.028458382934331894
7.0 0.5034297108650208 0.5288611054420471 0.026945320889353752 0.028111139312386513
7.0 0.5044062733650208 0.2644999921321869 0.04005470126867294 0.06476381421089172
7.0 0.4240781366825104 0.0392778180539608 0.04903906211256981 0.04695828631520271
7.0 0.4498593807220459 0.6268610954284668 0.09167967736721039 0.10988892614841461
7.0 0.45267969369888306 0.8117361068725586 0.02143748849630356 0.021888839080929756
8.0 0.4970781207084656 0.5182083249092102 0.03657032549381256 0.05338891223073006
8.0 0.5059062838554382 0.2700555622577667 0.08100780844688416 0.1052500382065773
8.0 0.4515156149864197 0.05127779766917229 0.14634373784065247 0.06265279650688171
6.0 0.39964061975479126 0.06634722650051117 0.009101573377847672 0.016652848571538925
6.0 0.4952109456062317 0.26604163646698 0.008281253278255463 0.018041610717773438
6.0 0.402406245470047 0.5944861173629761 0.014632824808359146 0.03576384484767914
6.0 0.40236717462539673 0.8774027824401855 0.01901562139391899 0.05326387658715248
8.0 0.5054687261581421 0.6115000247955322 0.31004685163497925 0.15651385486125946
8.0 0.4453984498977661 0.7991249561309814 0.06044532358646393 0.043152809143066406
8.0 0.5146797299385071 0.9005555510520935 0.33515629172325134 0.19345834851264954
1.0 0.5212187767028809 0.8162777423858643 0.035742178559303284 0.027555571869015694
1.0 0.5299765467643738 0.9703333377838135 0.034835927188396454 0.03804164379835129
11.0 0.46532031893730164 0.9092847108840942 0.1315312385559082 0.18143054842948914
8.0 0.951003909111023 0.6115000247955322 0.0979921892285347 0.15651385486125946
8.0 0.940121054649353 0.9005555510520935 0.11975784599781036 0.19345834851264954
