7.0 0.9698671698570251 0.555347204208374 0.06026563048362732 0.25293052196502686
6.0 0.9437187314033508 0.511472225189209 0.025828130543231964 0.058916620910167694
5.0 0.885617196559906 0.5168889164924622 0.0837421864271164 0.17508332431316376
8.0 0.922433614730835 0.5583611130714417 0.15513281524181366 0.4889722466468811
1.0 0.4977734386920929 0.7647638916969299 0.04464060813188553 0.07220830023288727
1.0 0.5054140686988831 0.3472083508968353 0.04721876233816147 0.07397227734327316
7.0 0.5390703082084656 0.555347204208374 0.1673906147480011 0.25293052196502686
6.0 0.6187812685966492 0.511472225189209 0.025828130543231964 0.058916620910167694
5.0 0.676882803440094 0.5168889164924622 0.0837421864271164 0.17508332431316376
8.0 0.5082343816757202 0.5583611130714417 0.4187968671321869 0.4889722466468811
8.0 0.06933203339576721 0.5583611130714417 0.13866406679153442 0.4889722466468811
