2.0 0.03778906911611557 0.7708889245986938 0.023851577192544937 0.05072222650051117
2.0 0.05910937860608101 0.4864861071109772 0.03802343085408211 0.09429168701171875
1.0 0.11156249791383743 0.44361114501953125 0.02544531226158142 0.04619450122117996
1.0 0.10783594101667404 0.5774583220481873 0.018710939213633537 0.0840555801987648
1.0 0.07948437333106995 0.8022221922874451 0.0185859315097332 0.02594449743628502
11.0 0.003550790250301361 0.801111102104187 0.007101580500602722 0.11148611456155777
11.0 0.0074589867144823074 0.4977499544620514 0.014917973428964615 0.1778055876493454
6.0 0.01667186990380287 0.7812361121177673 0.013531241565942764 0.04131942242383957
8.0 0.0625019520521164 0.5126805305480957 0.1250039041042328 0.22350004315376282
8.0 0.04470311850309372 0.8208472728729248 0.08940623700618744 0.15963894128799438
20.0 0.5023906230926514 0.32665273547172546 0.04312501102685928 0.16395823657512665
22.0 0.5077187418937683 0.5774444341659546 0.06942187249660492 0.3542778193950653
2.0 0.39971092343330383 0.7708889245986938 0.023851577192544937 0.05072222650051117
2.0 0.3783906102180481 0.4864861071109772 0.03802343085408211 0.09429168701171875
1.0 0.32593750953674316 0.44361114501953125 0.02544531226158142 0.04619450122117996
1.0 0.32966405153274536 0.5774583220481873 0.018710939213633537 0.0840555801987648
1.0 0.35801562666893005 0.8022221922874451 0.0185859315097332 0.02594449743628502
1.0 0.4594765603542328 0.8880833387374878 0.016968760639429092 0.030986150726675987
11.0 0.47212499380111694 0.801111102104187 0.08345314860343933 0.11148611456155777
11.0 0.49622657895088196 0.4977499544620514 0.14728908240795135 0.1778055876493454
6.0 0.4208281338214874 0.7812361121177673 0.013531241565942764 0.04131942242383957
8.0 0.5374453067779541 0.5126805305480957 0.44989845156669617 0.22350004315376282
8.0 0.510015606880188 0.8208472728729248 0.32384374737739563 0.15963894128799438
11.0 0.9963144659996033 0.4977499544620514 0.00737110897898674 0.1778055876493454
8.0 0.9000527262687683 0.5126805305480957 0.19989454746246338 0.22350004315376282
8.0 0.9452812671661377 0.8208472728729248 0.10943751037120819 0.15963894128799438
