2.0 0.07589257508516312 0.8021528124809265 0.15178515017032623 0.30295830965042114
11.0 0.03013281337916851 0.910163164138794 0.06026562675833702 0.17967361211776733
8.0 0.07645117491483688 0.824548602104187 0.15290234982967377 0.3509027659893036
2.0 0.3700625002384186 0.8021528124809265 0.16869531571865082 0.30295830965042114
6.0 0.46836718916893005 0.8448333144187927 0.05057811364531517 0.08269447833299637
11.0 0.5792421698570251 0.910163164138794 0.4040156304836273 0.17967361211776733
1.0 0.72265625 0.8189861178398132 0.11718752235174179 0.09866661578416824
8.0 0.5329218506813049 0.824548602104187 0.4966484606266022 0.3509027659893036
11.0 0.890625 0.910163164138794 0.21875 0.17967361211776733
1.0 0.83984375 0.8189861178398132 0.11718752235174179 0.09866661578416824
8.0 0.8906269669532776 0.824548602104187 0.2187461107969284 0.3509027659893036
