6.0 0.04543750733137131 0.3107083737850189 0.026921868324279785 0.043569352477788925
11.0 0.03515625 0.1694861501455307 0.0703125 0.27775001525878906
2.0 0.06767968833446503 0.348444402217865 0.05213282257318497 0.08438894152641296
8.0 0.047478511929512024 0.2076527327299118 0.09495702385902405 0.3702360689640045
9.0 0.5276328325271606 0.9314965009689331 0.038445308804512024 0.1370069682598114
6.0 0.3920624852180481 0.3107083737850189 0.026921868324279785 0.043569352477788925
1.0 0.5197656154632568 0.34716668725013733 0.044335924088954926 0.0677083358168602
11.0 0.4104609489440918 0.1694861501455307 0.0865468680858612 0.27775001525878906
2.0 0.3698202967643738 0.348444402217865 0.05213282257318497 0.08438894152641296
8.0 0.4557187557220459 0.2076527327299118 0.2263515740633011 0.3702360689640045
8.0 0.9968027472496033 0.2076527327299118 0.006394550204277039 0.3702360689640045
