8.0 0.8632187247276306 0.7872360944747925 0.04899219051003456 0.05898613482713699
2.0 0.8218203186988831 0.781749963760376 0.053242187947034836 0.12154165655374527
11.0 0.9316425919532776 0.8885555863380432 0.1367148458957672 0.22288884222507477
8.0 0.8975995779037476 0.8616944551467896 0.2048007845878601 0.2766111195087433
24.0 0.890625 0.1434861272573471 0.21875 0.2869722545146942
8.0 0.6992812752723694 0.7872360944747925 0.04899219051003456 0.05898613482713699
2.0 0.7406796813011169 0.781749963760376 0.053242187947034836 0.12154165655374527
11.0 0.5972734689712524 0.8885555863380432 0.20388279855251312 0.22288884222507477
8.0 0.601312518119812 0.8616944551467896 0.3319765627384186 0.2766111195087433
24.0 0.6542187333106995 0.1434861272573471 0.2540625035762787 0.2869722545146942
8.0 0.0010878853499889374 0.8616944551467896 0.0021757706999778748 0.2766111195087433
