11.0 0.7945312261581421 0.6583333611488342 0.02656250074505806 0.0972222238779068
8.0 0.8296796679496765 0.6761249899864197 0.09685938060283661 0.23630554974079132
6.0 0.9671015739440918 0.9907847046852112 0.017898447811603546 0.018430551514029503
2.0 0.925976574420929 0.9688194394111633 0.05842967703938484 0.062361136078834534
11.0 0.9793515801429749 0.9904583096504211 0.041296862065792084 0.01908334158360958
8.0 0.9481015801429749 0.9811596870422363 0.10379689186811447 0.037680573761463165
3.0 0.890625 0.5558611154556274 0.21875 0.2638055086135864
11.0 0.7679687738418579 0.6583333611488342 0.02656250074505806 0.0972222238779068
8.0 0.7328203320503235 0.6761249899864197 0.09685938060283661 0.23630554974079132
6.0 0.5953984260559082 0.9907847046852112 0.017898447811603546 0.018430551514029503
6.0 0.43177345395088196 0.49702784419059753 0.017023444175720215 0.023069433867931366
2.0 0.636523425579071 0.9688194394111633 0.05842967703938484 0.062361136078834534
2.0 0.45646876096725464 0.5492083430290222 0.0770234540104866 0.10919443517923355
11.0 0.45407813787460327 0.3814582824707031 0.10970313847064972 0.2482638955116272
11.0 0.5143671631813049 0.9904583096504211 0.17885935306549072 0.01908334158360958
8.0 0.4827578067779541 0.9811596870422363 0.36707812547683716 0.037680573761463165
8.0 0.4047187566757202 0.40740281343460083 0.21064841747283936 0.38213884830474854
3.0 0.5400468707084656 0.5558611154556274 0.48240625858306885 0.2638055086135864
6.0 0.007119134068489075 0.49702784419059753 0.01423826813697815 0.023069433867931366
2.0 0.00977148674428463 0.5492083430290222 0.01954297348856926 0.10919443517923355
11.0 0.019136721268296242 0.3814582824707031 0.038273442536592484 0.2482638955116272
11.0 0.0062812454998493195 0.9904583096504211 0.012562490999698639 0.01908334158360958
8.0 0.06914062798023224 0.9811596870422363 0.13828125596046448 0.037680573761463165
8.0 0.06905273348093033 0.40740281343460083 0.13810546696186066 0.38213884830474854
3.0 0.06932812929153442 0.5558611154556274 0.13865625858306885 0.2638055086135864
