11.0 0.9994778633117676 0.3302222490310669 0.0010442808270454407 0.1494074910879135
6.0 0.9615260362625122 0.32156479358673096 0.023046880960464478 0.059222325682640076
5.0 0.9021093845367432 0.31539809703826904 0.06463021785020828 0.10080549120903015
8.0 0.9333333373069763 0.4361018240451813 0.13333332538604736 0.3671759068965912
15.0 0.890625 0.5 0.21875 1.0
11.0 0.48131251335144043 0.3302222490310669 0.16446353495121002 0.1494074910879135
6.0 0.6009739637374878 0.32156479358673096 0.023046880960464478 0.059222325682640076
5.0 0.6603906154632568 0.31539809703826904 0.06463021785020828 0.10080549120903015
8.0 0.4572916626930237 0.4361018240451813 0.47708332538604736 0.3671759068965912
15.0 0.5 0.5 0.5625 1.0
11.0 0.01920962706208229 0.3302222490310669 0.03841925412416458 0.1494074910879135
8.0 0.109375 0.4361018240451813 0.21875 0.3671759068965912
15.0 0.109375 0.5 0.21875 1.0
