11.0 0.9642871022224426 0.42023617029190063 0.07142579555511475 0.48347219824790955
8.0 0.890625 0.4780277609825134 0.21875 0.6099444627761841
2.0 0.8256406188011169 0.43159717321395874 0.08878125250339508 0.29409727454185486
6.0 0.9117656350135803 0.44458332657814026 0.07352343201637268 0.13716670870780945
1.0 0.4614921808242798 0.7344722151756287 0.05470311641693115 0.08515273034572601
1.0 0.4209687411785126 0.601361095905304 0.09779689460992813 0.204611137509346
11.0 0.4822656512260437 0.42023617029190063 0.3033203184604645 0.48347219824790955
8.0 0.5567969083786011 0.4780277609825134 0.4489062428474426 0.6099444627761841
2.0 0.7368593811988831 0.43159717321395874 0.08878125250339508 0.29409727454185486
6.0 0.6507343649864197 0.44458332657814026 0.07352343201637268 0.13716670870780945
1.0 0.0016796812415122986 0.7344722151756287 0.003359362483024597 0.08515273034572601
1.0 0.0327148512005806 0.601361095905304 0.0654297024011612 0.204611137509346
11.0 0.05344725400209427 0.42023617029190063 0.10689450800418854 0.48347219824790955
8.0 0.052578117698431015 0.4780277609825134 0.10515623539686203 0.6099444627761841
