19.0 0.0546875 0.6853194236755371 0.109375 0.6293611526489258
3.0 0.15543749928474426 0.9823020696640015 0.1266171932220459 0.03539583459496498
23.0 0.0488281212747097 0.30972224473953247 0.0976562425494194 0.6194444894790649
6.0 0.03351562097668648 0.8050694465637207 0.05574217066168785 0.066986083984375
2.0 0.0969218760728836 0.8507639169692993 0.06508593261241913 0.2097083181142807
11.0 0.015068363398313522 0.8547430634498596 0.030136726796627045 0.29051387310028076
8.0 0.06528906524181366 0.839180588722229 0.13057813048362732 0.3201805651187897
19.0 0.4409452974796295 0.6853194236755371 0.22564060986042023 0.6293611526489258
3.0 0.28206250071525574 0.9823020696640015 0.1266171932220459 0.03539583459496498
10.0 0.5356796979904175 0.633513867855072 0.022249996662139893 0.044999971985816956
23.0 0.560546875 0.30972224473953247 0.44140625 0.6194444894790649
6.0 0.4039843678474426 0.8050694465637207 0.05574217066168785 0.066986083984375
2.0 0.3405781090259552 0.8507639169692993 0.06508593261241913 0.2097083181142807
11.0 0.5466952919960022 0.8547430634498596 0.27866408228874207 0.29051387310028076
8.0 0.5440859198570251 0.839180588722229 0.4743281304836273 0.3201805651187897
23.0 0.890625 0.30972224473953247 0.21875 0.6194444894790649
11.0 0.9382362961769104 0.8547430634498596 0.12352735549211502 0.29051387310028076
8.0 0.890625 0.839180588722229 0.21875 0.3201805651187897
