13.0 0.997768223285675 0.4968888759613037 0.004463527351617813 0.2777315378189087
0.0 0.9177825450897217 0.4699329137802124 0.16443489491939545 0.9398658275604248
23.0 0.9672291874885559 0.7595185041427612 0.03236980363726616 0.024722205474972725
23.0 0.9707291722297668 0.7073518633842468 0.03833332657814026 0.07721296697854996
15.0 0.923828125 0.9945787191390991 0.025859378278255463 0.010842587798833847
23.0 0.903640627861023 0.9165278077125549 0.00641145184636116 0.015518506057560444
23.0 0.9160937666893005 0.9352870583534241 0.009999996051192284 0.022888898849487305
23.0 0.9198176860809326 0.9121758937835693 0.011145827360451221 0.023453712463378906
8.0 0.4098176956176758 0.24932405352592468 0.046546854078769684 0.07490730285644531
7.0 0.4123697876930237 0.23749998211860657 0.01820831000804901 0.03301853686571121
13.0 0.4837135374546051 0.4968888759613037 0.1665000021457672 0.2777315378189087
0.0 0.49783855676651 0.4699329137802124 0.45819270610809326 0.9398658275604248
23.0 0.5196093916893005 0.04545137658715248 0.05212501063942909 0.09090275317430496
11.0 0.5441614389419556 0.21001847088336945 0.01985418051481247 0.021036995574831963
2.0 0.5551927089691162 0.22503703832626343 0.004994776099920273 0.013796276412904263
8.0 0.5370104312896729 0.21583335101604462 0.04296352341771126 0.03503693640232086
23.0 0.5952708125114441 0.7595185041427612 0.03236980363726616 0.024722205474972725
23.0 0.5917708277702332 0.7073518633842468 0.03833332657814026 0.07721296697854996
15.0 0.638671875 0.9945787191390991 0.025859378278255463 0.010842587798833847
23.0 0.658859372138977 0.9165278077125549 0.00641145184636116 0.015518506057560444
23.0 0.6464062333106995 0.9352870583534241 0.009999996051192284 0.022888898849487305
23.0 0.6426823139190674 0.9121758937835693 0.011145827360451221 0.023453712463378906
8.0 0.02768230438232422 0.24932405352592468 0.046546854078769684 0.07490730285644531
7.0 0.025130216032266617 0.23749998211860657 0.01820831000804901 0.03301853686571121
13.0 0.0185182373970747 0.4968888759613037 0.0370364747941494 0.2777315378189087
0.0 0.08437890559434891 0.4699329137802124 0.16875781118869781 0.9398658275604248
