6.0 0.6782109141349792 0.4747360944747925 0.006164051592350006 0.014958275482058525
2.0 0.668874979019165 0.47486114501953125 0.008312501013278961 0.017013974487781525
7.0 0.697140634059906 0.4751249849796295 0.029695339500904083 0.04427782818675041
16.0 0.6955234408378601 0.7753750085830688 0.0744374692440033 0.34345829486846924
20.0 0.7003437280654907 0.105861134827137 0.09065625071525574 0.211722269654274
8.0 0.7104374766349792 0.4765416085720062 0.09395315498113632 0.055055566132068634
6.0 0.8842890858650208 0.4747360944747925 0.006164051592350006 0.014958275482058525
2.0 0.893625020980835 0.47486114501953125 0.008312501013278961 0.017013974487781525
7.0 0.865359365940094 0.4751249849796295 0.029695339500904083 0.04427782818675041
16.0 0.8669765591621399 0.7753750085830688 0.0744374692440033 0.34345829486846924
20.0 0.8621562719345093 0.105861134827137 0.09065625071525574 0.211722269654274
8.0 0.8520625233650208 0.4765416085720062 0.09395315498113632 0.055055566132068634
