2.0 0.14423437416553497 0.2941250205039978 0.05436718463897705 0.11540285497903824
2.0 0.11378124356269836 0.5480972528457642 0.04909374564886093 0.1025417149066925
11.0 0.04273827746510506 0.6103610992431641 0.08547655493021011 0.17245833575725555
11.0 0.05146874859929085 0.2444721907377243 0.1029374971985817 0.17712508141994476
6.0 0.07088281959295273 0.555138885974884 0.01764843240380287 0.04970836639404297
6.0 0.10016406327486038 0.30674996972084045 0.019249996170401573 0.042388916015625
8.0 0.08672070503234863 0.2626667022705078 0.17344141006469727 0.20976383984088898
8.0 0.06914062798023224 0.6054999828338623 0.13828125596046448 0.21855561435222626
1.0 0.5025390386581421 0.3349166512489319 0.03409375995397568 0.05959722772240639
1.0 0.4726250171661377 0.5215694904327393 0.018781263381242752 0.05429162085056305
1.0 0.4786953032016754 0.6223471760749817 0.022648438811302185 0.047180600464344025
2.0 0.29326561093330383 0.2941250205039978 0.05436718463897705 0.11540285497903824
2.0 0.32371875643730164 0.5480972528457642 0.04909374564886093 0.1025417149066925
11.0 0.4242890775203705 0.6103610992431641 0.1445312649011612 0.17245833575725555
11.0 0.4159453213214874 0.2444721907377243 0.16276562213897705 0.17712508141994476
6.0 0.3666171729564667 0.555138885974884 0.01764843240380287 0.04970836639404297
6.0 0.3373359441757202 0.30674996972084045 0.019249996170401573 0.042388916015625
8.0 0.4829374849796295 0.2626667022705078 0.43775779008865356 0.20976383984088898
8.0 0.49949219822883606 0.6054999828338623 0.4005468785762787 0.21855561435222626
8.0 0.9303418397903442 0.2626667022705078 0.1393163800239563 0.20976383984088898
8.0 0.9313671588897705 0.6054999828338623 0.1372656226158142 0.21855561435222626
