2.0 0.9785390496253967 0.524222195148468 0.013429686427116394 0.02758333459496498
2.0 0.9851406216621399 0.6252500414848328 0.012687485665082932 0.027722252532839775
6.0 0.9888593554496765 0.5229583382606506 0.00506250187754631 0.011263847351074219
7.0 0.9930234551429749 0.5036805272102356 0.013953132554888725 0.0498194694519043
7.0 0.9977675676345825 0.6369027495384216 0.004464851692318916 0.03534719720482826
8.0 0.9889785051345825 0.6434166431427002 0.022042976692318916 0.07491663098335266
8.0 0.9854921698570251 0.5162777900695801 0.029015613719820976 0.08812496066093445
3.0 0.3057578206062317 0.4764167070388794 0.1733359396457672 0.08911111950874329
2.0 0.5839609503746033 0.524222195148468 0.013429686427116394 0.02758333459496498
2.0 0.5773593783378601 0.6252500414848328 0.012687485665082932 0.027722252532839775
6.0 0.5736406445503235 0.5229583382606506 0.00506250187754631 0.011263847351074219
7.0 0.5658125281333923 0.5036805272102356 0.021281249821186066 0.0498194694519043
7.0 0.5506484508514404 0.6369027495384216 0.03263282775878906 0.03534719720482826
8.0 0.551562488079071 0.6434166431427002 0.06596095114946365 0.07491663098335266
8.0 0.5551171898841858 0.5162777900695801 0.07279686629772186 0.08812496066093445
3.0 0.1317421942949295 0.4764167070388794 0.1733359396457672 0.08911111950874329
