11.0 0.012835944071412086 0.44534724950790405 0.025671888142824173 0.15619447827339172
11.0 0.00781250186264515 0.7995972037315369 0.0156250037252903 0.10048612207174301
1.0 0.09175000339746475 0.7920694351196289 0.013992179185152054 0.01633336767554283
1.0 0.14939062297344208 0.5028611421585083 0.020710941404104233 0.03719441220164299
1.0 0.14500780403614044 0.44297218322753906 0.03364844247698784 0.041902754455804825
6.0 0.03650781139731407 0.4438888728618622 0.021828118711709976 0.04799991101026535
6.0 0.03030468337237835 0.8142917156219482 0.01304686814546585 0.011569446884095669
2.0 0.048335932195186615 0.7893611192703247 0.033906240016222 0.0733194351196289
2.0 0.07204688340425491 0.45177778601646423 0.028890619054436684 0.06594446301460266
8.0 0.08072851598262787 0.46518051624298096 0.16145703196525574 0.18916665017604828
8.0 0.0498066321015358 0.7881667017936707 0.0996132642030716 0.11262501776218414
23.0 0.5054609179496765 0.5861666202545166 0.07342186570167542 0.13548606634140015
23.0 0.49696874618530273 0.30691665410995483 0.04471093416213989 0.15093061327934265
3.0 0.6379296779632568 0.4715556204319 0.07384376227855682 0.23472219705581665
11.0 0.4783281087875366 0.44534724950790405 0.13300001621246338 0.15619447827339172
11.0 0.4652656316757202 0.7995972037315369 0.08678126335144043 0.10048612207174301
1.0 0.4761328101158142 0.7922916412353516 0.020343750715255737 0.04563893377780914
1.0 0.34575000405311584 0.7920694351196289 0.013992179185152054 0.01633336767554283
1.0 0.2881093919277191 0.5028611421585083 0.020710941404104233 0.03719441220164299
1.0 0.29249218106269836 0.44297218322753906 0.03364844247698784 0.041902754455804825
6.0 0.40099218487739563 0.4438888728618622 0.021828118711709976 0.04799991101026535
6.0 0.4071953296661377 0.8142917156219482 0.01304686814546585 0.011569446884095669
2.0 0.3891640603542328 0.7893611192703247 0.033906240016222 0.0733194351196289
2.0 0.3654531240463257 0.45177778601646423 0.028890617191791534 0.06594446301460266
8.0 0.5157734155654907 0.46518051624298096 0.4794608950614929 0.18916665017604828
8.0 0.5063515901565552 0.7881667017936707 0.33692964911460876 0.11262501776218414
3.0 0.9245703220367432 0.4715556204319 0.07384376227855682 0.23472219705581665
8.0 0.9034980535507202 0.46518051624298096 0.19300387799739838 0.18916665017604828
8.0 0.943841814994812 0.7881667017936707 0.11231639236211777 0.11262501776218414
