8.0 0.9440781474113464 0.8325462937355042 0.013156235218048096 0.009361160919070244
15.0 0.945437490940094 0.8219258785247803 0.053749993443489075 0.10300922393798828
23.0 0.9595885276794434 0.7722963094711304 0.019437499344348907 0.03830559924244881
23.0 0.9712499976158142 0.7075555324554443 0.038208335638046265 0.07751846313476562
11.0 0.9649843573570251 0.8092777729034424 0.010052081197500229 0.011805534362792969
8.0 0.969572901725769 0.8091111183166504 0.027994785457849503 0.012842602096498013
13.0 0.9997395873069763 0.48261114954948425 0.000520847737789154 0.2748333215713501
0.0 0.9088541865348816 0.3885486125946045 0.1822916716337204 0.777097225189209
23.0 0.902468740940094 0.918138861656189 0.008369799703359604 0.014916632324457169
23.0 0.8971979022026062 0.9503889083862305 0.004567701369524002 0.008055580779910088
23.0 0.9040156006813049 0.9526481628417969 0.007791666314005852 0.016064802184700966
23.0 0.9125052094459534 0.9508240818977356 0.009453127160668373 0.02299072965979576
23.0 0.9161145687103271 0.9329351782798767 0.011770840734243393 0.022814856842160225
23.0 0.9228385090827942 0.9148426055908203 0.0117291659116745 0.025777816772460938
23.0 0.918874979019165 0.8886388540267944 0.009630203247070312 0.02318520098924637
11.0 0.547614574432373 0.21440738439559937 0.015343744307756424 0.023648155853152275
2.0 0.5597083568572998 0.2116944044828415 0.004776041954755783 0.009138954803347588
8.0 0.5395312309265137 0.2110740840435028 0.04478125646710396 0.0322129987180233
8.0 0.6184218525886536 0.8325462937355042 0.013156235218048096 0.009361160919070244
15.0 0.617062509059906 0.8219258785247803 0.053749993443489075 0.10300922393798828
23.0 0.6029114723205566 0.7722963094711304 0.019437499344348907 0.03830559924244881
23.0 0.5912500023841858 0.7075555324554443 0.038208335638046265 0.07751846313476562
11.0 0.5975156426429749 0.8092777729034424 0.010052081197500229 0.011805534362792969
8.0 0.592927098274231 0.8091111183166504 0.027994785457849503 0.012842602096498013
13.0 0.4781875014305115 0.48261114954948425 0.16966667771339417 0.2748333215713501
8.0 0.4215052127838135 0.3327222466468811 0.04909897595643997 0.06818517297506332
0.0 0.5044270753860474 0.3885486125946045 0.4807291626930237 0.777097225189209
23.0 0.660031259059906 0.918138861656189 0.008369799703359604 0.014916632324457169
23.0 0.6653020977973938 0.9503889083862305 0.004567701369524002 0.008055580779910088
23.0 0.6584843993186951 0.9526481628417969 0.007791666314005852 0.016064802184700966
23.0 0.6499947905540466 0.9508240818977356 0.009453127160668373 0.02299072965979576
23.0 0.6463854312896729 0.9329351782798767 0.011770840734243393 0.022814856842160225
23.0 0.6396614909172058 0.9148426055908203 0.0117291659116745 0.025777816772460938
23.0 0.643625020980835 0.8886388540267944 0.009630203247070312 0.02318520098924637
13.0 0.022072918713092804 0.48261114954948425 0.04414583742618561 0.2748333215713501
8.0 0.020272133871912956 0.3327222466468811 0.04054426774382591 0.06818517297506332
0.0 0.08671875298023224 0.3885486125946045 0.17343750596046448 0.777097225189209
