11.0 0.20546874403953552 0.6583333611488342 0.02656250074505806 0.0972222238779068
8.0 0.1703203171491623 0.6761249899864197 0.09685938060283661 0.23630554974079132
6.0 0.0328984297811985 0.9907847046852112 0.017898447811603546 0.018430551514029503
2.0 0.07402343302965164 0.9688194394111633 0.05842967703938484 0.062361136078834534
11.0 0.020648431032896042 0.9904583096504211 0.041296862065792084 0.01908334158360958
8.0 0.051898445934057236 0.9811596870422363 0.10379689186811447 0.037680573761463165
3.0 0.109375 0.5558611154556274 0.21875 0.2638055086135864
11.0 0.23203125596046448 0.6583333611488342 0.02656250074505806 0.0972222238779068
8.0 0.2671796977519989 0.6761249899864197 0.09685938060283661 0.23630554974079132
6.0 0.4046015739440918 0.9907847046852112 0.017898447811603546 0.018430551514029503
6.0 0.5682265758514404 0.49702784419059753 0.017023444175720215 0.023069433867931366
2.0 0.36347657442092896 0.9688194394111633 0.05842967703938484 0.062361136078834534
2.0 0.5435312390327454 0.5492083430290222 0.0770234540104866 0.10919443517923355
11.0 0.5459218621253967 0.3814582824707031 0.10970313847064972 0.2482638955116272
11.0 0.4856328070163727 0.9904583096504211 0.17885935306549072 0.01908334158360958
8.0 0.5172421932220459 0.9811596870422363 0.36707815527915955 0.037680573761463165
8.0 0.5952812433242798 0.40740281343460083 0.21064841747283936 0.38213884830474854
3.0 0.4599531292915344 0.5558611154556274 0.48240625858306885 0.2638055086135864
6.0 0.9928808808326721 0.49702784419059753 0.01423826813697815 0.023069433867931366
2.0 0.990228533744812 0.5492083430290222 0.01954297348856926 0.10919443517923355
11.0 0.9808632731437683 0.3814582824707031 0.038273442536592484 0.2482638955116272
11.0 0.9937187433242798 0.9904583096504211 0.012562490999698639 0.01908334158360958
8.0 0.930859386920929 0.9811596870422363 0.13828125596046448 0.037680573761463165
8.0 0.9309472441673279 0.40740281343460083 0.13810546696186066 0.38213884830474854
3.0 0.9306718707084656 0.5558611154556274 0.13865625858306885 0.2638055086135864
