4.0 0.986328125 0.5700138807296753 0.027343742549419403 0.42200005054473877
4.0 0.46122655272483826 0.5700138807296753 0.2572343647480011 0.42200005054473877
4.0 0.3838125169277191 0.9901666641235352 0.13303904235363007 0.019666671752929688
4.0 0.44428128004074097 0.18217706680297852 0.16835154592990875 0.36435413360595703
1.0 0.32637500762939453 0.11272917687892914 0.14970314502716064 0.22545835375785828
1.0 0.33625781536102295 0.1961805522441864 0.10539063066244125 0.17762501537799835
1.0 0.25307029485702515 0.1821771264076233 0.06864061206579208 0.3643542528152466
4.0 0.052445314824581146 0.5700138807296753 0.10489062964916229 0.42200005054473877
4.0 0.06010350584983826 0.9901666641235352 0.12020701169967651 0.019666671752929688
4.0 0.038697250187397 0.18217706680297852 0.077394500374794 0.36435413360595703
1.0 0.11112499237060547 0.11272917687892914 0.14970314502716064 0.22545835375785828
1.0 0.10124218463897705 0.1961805522441864 0.10539063066244125 0.17762501537799835
1.0 0.18442969024181366 0.1821771264076233 0.06864061206579208 0.3643542528152466
