4.0 0.9125156402587891 0.6508333683013916 0.020343758165836334 0.044722240418195724
4.0 0.9160781502723694 0.6964722275733948 0.006632817909121513 0.020541615784168243
4.0 0.9640312194824219 0.8350555896759033 0.0296328105032444 0.04430558905005455
2.0 0.8880781531333923 0.9861111044883728 0.027460942044854164 0.02777777798473835
2.0 0.9385156035423279 0.832361102104187 0.0384843684732914 0.0774722620844841
2.0 0.9302187561988831 0.5259582996368408 0.04011719673871994 0.07455560564994812
2.0 0.8830468654632568 0.6480138897895813 0.027812495827674866 0.059611108154058456
2.0 0.8980859518051147 0.6917499899864197 0.024031251668930054 0.04156939312815666
11.0 0.9376093745231628 0.647736132144928 0.04449218139052391 0.13886111974716187
11.0 0.970703125 0.4211944043636322 0.0585937574505806 0.14519436657428741
11.0 0.9729804396629333 0.9284583330154419 0.054039064794778824 0.1430833637714386
11.0 0.9606113433837891 0.9678020477294922 0.07877733558416367 0.06439585238695145
8.0 0.9365214705467224 0.965628445148468 0.12695704400539398 0.06874307245016098
8.0 0.958984375 0.8965694308280945 0.0820312574505806 0.20686112344264984
8.0 0.9249843955039978 0.7176388502120972 0.07523438334465027 0.0847083181142807
8.0 0.9162187576293945 0.6637916564941406 0.09676563739776611 0.18083339929580688
8.0 0.9547539353370667 0.45493051409721375 0.09049218147993088 0.21429167687892914
4.0 0.6499843597412109 0.6508333683013916 0.020343758165836334 0.044722240418195724
4.0 0.6464218497276306 0.6964722275733948 0.006632817909121513 0.020541615784168243
4.0 0.5984687805175781 0.8350555896759033 0.0296328105032444 0.04430558905005455
2.0 0.6744218468666077 0.9861111044883728 0.027460942044854164 0.02777777798473835
2.0 0.6239843964576721 0.832361102104187 0.0384843684732914 0.0774722620844841
2.0 0.6322812438011169 0.5259582996368408 0.04011719673871994 0.07455560564994812
2.0 0.6794531345367432 0.6480138897895813 0.027812495827674866 0.059611108154058456
2.0 0.6644140481948853 0.6917499899864197 0.024031251668930054 0.04156939312815666
11.0 0.6248906254768372 0.647736132144928 0.04449218139052391 0.13886111974716187
11.0 0.5652031302452087 0.4211944043636322 0.11178126186132431 0.14519436657428741
11.0 0.5638984441757202 0.9284583330154419 0.10528126358985901 0.1430833637714386
11.0 0.5946484208106995 0.9678020477294922 0.09325781464576721 0.06439585238695145
8.0 0.5575390458106995 0.965628445148468 0.26383593678474426 0.06874307245016098
8.0 0.5133203268051147 0.8965694308280945 0.2624218761920929 0.20686112344264984
8.0 0.6375156044960022 0.7176388502120972 0.07523438334465027 0.0847083181142807
8.0 0.6462812423706055 0.6637916564941406 0.09676563739776611 0.18083339929580688
8.0 0.5371015667915344 0.45493051409721375 0.2317812591791153 0.21429167687892914
8.0 0.00593944825232029 0.965628445148468 0.01187889650464058 0.06874307245016098
8.0 0.027695314958691597 0.8965694308280945 0.055390629917383194 0.20686112344264984
8.0 0.008144542574882507 0.45493051409721375 0.016289085149765015 0.21429167687892914
