11.0 0.028773445636034012 0.9855034351348877 0.057546891272068024 0.02899307757616043
2.0 0.00011523254215717316 0.6693750023841858 0.0002304650843143463 0.11300002038478851
2.0 0.09018748998641968 0.9592812061309814 0.05760157108306885 0.08143753558397293
6.0 0.04725781828165054 0.984708309173584 0.01990624889731407 0.030583329498767853
8.0 0.1821874976158142 0.6597917079925537 0.07312499731779099 0.20473606884479523
8.0 0.001064457930624485 0.49859726428985596 0.00212891586124897 0.4412778317928314
8.0 0.06001367047429085 0.9747847318649292 0.1200273409485817 0.05043056234717369
3.0 0.109375 0.5617638230323792 0.21875 0.2718333601951599
11.0 0.46770310401916504 0.9855034351348877 0.1755000203847885 0.02899307757616043
11.0 0.5052109360694885 0.46458327770233154 0.10208594799041748 0.27448612451553345
2.0 0.473695307970047 0.6693750023841858 0.07285154610872269 0.11300002038478851
2.0 0.3473125100135803 0.9592812061309814 0.05760157108306885 0.08143753558397293
6.0 0.39024218916893005 0.984708309173584 0.01990624889731407 0.030583329498767853
6.0 0.4998515546321869 0.6210000514984131 0.030218739062547684 0.03665277734398842
8.0 0.2553125023841858 0.6597917079925537 0.07312499731779099 0.20473606884479523
8.0 0.5700234174728394 0.49859726428985596 0.26930466294288635 0.4412778317928314
8.0 0.5079140663146973 0.9747847318649292 0.38088279962539673 0.05043056234717369
3.0 0.4632343649864197 0.5617638230323792 0.48896875977516174 0.2718333601951599
8.0 0.9289121031761169 0.49859726428985596 0.14217574894428253 0.4412778317928314
8.0 0.9320722818374634 0.9747847318649292 0.13585546612739563 0.05043056234717369
3.0 0.9273906350135803 0.5617638230323792 0.14521874487400055 0.2718333601951599
