2.0 0.15222656726837158 0.2316666692495346 0.1263437569141388 0.26138877868652344
6.0 0.05100000649690628 0.21059724688529968 0.03416406735777855 0.09719446301460266
11.0 0.03738672286272049 0.24269098043441772 0.07477344572544098 0.48538196086883545
8.0 0.10714257508516312 0.28336456418037415 0.21428515017032623 0.5667291283607483
2.0 0.2852734327316284 0.2316666692495346 0.1263437569141388 0.26138877868652344
6.0 0.3865000009536743 0.21059724688529968 0.03416406735777855 0.09719446301460266
11.0 0.5163828134536743 0.24269098043441772 0.3073124885559082 0.48538196086883545
1.0 0.588210940361023 0.2146666795015335 0.09829685837030411 0.21206940710544586
1.0 0.5389531254768372 0.5244166851043701 0.07567188888788223 0.08462497591972351
8.0 0.4469843804836273 0.28336456418037415 0.4475390613079071 0.5667291283607483
11.0 0.9462304711341858 0.24269098043441772 0.10753904283046722 0.48538196086883545
1.0 0.962570309638977 0.2146666795015335 0.0748593807220459 0.21206940710544586
1.0 0.9928554892539978 0.5244166851043701 0.014289062470197678 0.08462497591972351
8.0 0.9458730220794678 0.28336456418037415 0.10825391858816147 0.5667291283607483
