2.0 0.021460937336087227 0.524222195148468 0.013429686427116394 0.02758333459496498
2.0 0.014859367161989212 0.6252500414848328 0.012687485665082932 0.027722252532839775
6.0 0.011140618473291397 0.5229583382606506 0.00506250187754631 0.011263847351074219
7.0 0.006976566277444363 0.5036805272102356 0.013953132554888725 0.0498194694519043
7.0 0.002232425846159458 0.6369027495384216 0.004464851692318916 0.03534719720482826
8.0 0.011021488346159458 0.6434166431427002 0.022042976692318916 0.07491663098335266
8.0 0.014507806859910488 0.5162777900695801 0.029015613719820976 0.08812496066093445
3.0 0.6942421793937683 0.4764167070388794 0.1733359396457672 0.08911111950874329
2.0 0.41603904962539673 0.524222195148468 0.013429686427116394 0.02758333459496498
2.0 0.4226406216621399 0.6252500414848328 0.012687485665082932 0.027722252532839775
6.0 0.4263593852519989 0.5229583382606506 0.00506250187754631 0.011263847351074219
7.0 0.43418750166893005 0.5036805272102356 0.021281249821186066 0.0498194694519043
7.0 0.44935154914855957 0.6369027495384216 0.03263282775878906 0.03534719720482826
8.0 0.44843751192092896 0.6434166431427002 0.06596095114946365 0.07491663098335266
8.0 0.4448828101158142 0.5162777900695801 0.07279686629772186 0.08812496066093445
3.0 0.8682578206062317 0.4764167070388794 0.1733359396457672 0.08911111950874329
