5.0 0.37748438119888306 0.34672218561172485 0.01846875250339508 0.04715283587574959
5.0 0.3304140567779541 0.7763749957084656 0.021085917949676514 0.06881947070360184
7.0 0.26171875 0.8340277671813965 0.0859375074505806 0.15416663885116577
7.0 0.3323672115802765 0.348444402217865 0.05066404491662979 0.06752777099609375
8.0 0.3470703065395355 0.3426249921321869 0.08152346312999725 0.15456941723823547
8.0 0.29267969727516174 0.7946111559867859 0.13673439621925354 0.31011107563972473
5.0 0.06001562997698784 0.34672218561172485 0.01846875250339508 0.04715283587574959
5.0 0.1070859506726265 0.7763749957084656 0.021085917949676514 0.06881947070360184
7.0 0.17578125 0.8340277671813965 0.0859375074505806 0.15416663885116577
7.0 0.1051328033208847 0.348444402217865 0.05066404491662979 0.06752777099609375
8.0 0.09042970091104507 0.3426249921321869 0.08152346312999725 0.15456941723823547
8.0 0.14482030272483826 0.7946111559867859 0.13673439621925354 0.31011107563972473
