7.0 0.03013281337916851 0.555347204208374 0.06026562675833702 0.25293052196502686
6.0 0.056281257420778275 0.511472225189209 0.025828130543231964 0.058916620910167694
5.0 0.11438281834125519 0.5168889164924622 0.0837421864271164 0.17508332431316376
8.0 0.07756640762090683 0.5583611130714417 0.15513281524181366 0.4889722466468811
1.0 0.5022265911102295 0.7647638916969299 0.04464060813188553 0.07220830023288727
1.0 0.49458596110343933 0.3472083508968353 0.04721876233816147 0.07397227734327316
7.0 0.4609296917915344 0.555347204208374 0.1673906147480011 0.25293052196502686
6.0 0.38121873140335083 0.511472225189209 0.025828130543231964 0.058916620910167694
5.0 0.323117196559906 0.5168889164924622 0.0837421864271164 0.17508332431316376
8.0 0.4917656183242798 0.5583611130714417 0.4187968671321869 0.4889722466468811
8.0 0.9306679964065552 0.5583611130714417 0.13866406679153442 0.4889722466468811
