11.0 0.9712265729904175 0.9855034351348877 0.057546891272068024 0.02899307757616043
2.0 0.9998847842216492 0.6693750023841858 0.0002304650843143463 0.11300002038478851
2.0 0.9098125100135803 0.9592812061309814 0.05760157108306885 0.08143753558397293
6.0 0.9527421593666077 0.984708309173584 0.01990624889731407 0.030583329498767853
8.0 0.8178125023841858 0.6597917079925537 0.07312499731779099 0.20473606884479523
8.0 0.9989355206489563 0.49859726428985596 0.00212891586124897 0.4412778317928314
8.0 0.9399863481521606 0.9747847318649292 0.1200273409485817 0.05043056234717369
3.0 0.890625 0.5617638230323792 0.21875 0.2718333601951599
11.0 0.532296895980835 0.9855034351348877 0.1755000203847885 0.02899307757616043
11.0 0.4947890639305115 0.46458327770233154 0.10208594799041748 0.27448612451553345
2.0 0.5263047218322754 0.6693750023841858 0.07285154610872269 0.11300002038478851
2.0 0.6526874899864197 0.9592812061309814 0.05760157108306885 0.08143753558397293
6.0 0.6097578406333923 0.984708309173584 0.01990624889731407 0.030583329498767853
6.0 0.5001484155654907 0.6210000514984131 0.030218739062547684 0.03665277734398842
8.0 0.7446874976158142 0.6597917079925537 0.07312499731779099 0.20473606884479523
8.0 0.42997658252716064 0.49859726428985596 0.26930466294288635 0.4412778317928314
8.0 0.49208593368530273 0.9747847318649292 0.38088279962539673 0.05043056234717369
3.0 0.5367656350135803 0.5617638230323792 0.48896875977516174 0.2718333601951599
8.0 0.07108787447214127 0.49859726428985596 0.14217574894428253 0.4412778317928314
8.0 0.06792773306369781 0.9747847318649292 0.13585546612739563 0.05043056234717369
3.0 0.07260937243700027 0.5617638230323792 0.14521874487400055 0.2718333601951599
