4.0 0.014841792173683643 0.905465304851532 0.029683584347367287 0.18906943500041962
4.0 0.5424687266349792 0.905465304851532 0.26930466294288635 0.18906943500041962
4.0 0.5532109141349792 0.4628889262676239 0.1314140409231186 0.4204167127609253
4.0 0.5708281397819519 0.11849652230739594 0.13696874678134918 0.23699304461479187
1.0 0.7244452834129333 0.03652085363864899 0.05379686504602432 0.07304170727729797
1.0 0.6513906121253967 0.21807639300823212 0.11974219232797623 0.43615278601646423
1.0 0.698437511920929 0.5777777433395386 0.16562500596046448 0.28055551648139954
1.0 0.6880546808242798 0.568819522857666 0.18638281524181366 0.5024999380111694
4.0 0.9426894783973694 0.905465304851532 0.11462108045816422 0.18906943500041962
4.0 0.9717910289764404 0.4628889262676239 0.05641794949769974 0.4204167127609253
4.0 0.961593747138977 0.11849652230739594 0.0768124908208847 0.23699304461479187
1.0 0.8380547165870667 0.03652085363864899 0.05379686504602432 0.07304170727729797
1.0 0.9111093878746033 0.21807639300823212 0.11974219232797623 0.43615278601646423
1.0 0.864062488079071 0.5777777433395386 0.16562500596046448 0.28055551648139954
1.0 0.8744453191757202 0.568819522857666 0.18638281524181366 0.5024999380111694
