2.0 0.8932187557220459 0.836638867855072 0.0185859315097332 0.0462222620844841
2.0 0.9108359217643738 0.3440555930137634 0.021445317193865776 0.04527769982814789
1.0 0.9791484475135803 0.38172224164009094 0.021585948765277863 0.024930529296398163
1.0 0.9816640615463257 0.31752777099609375 0.01957811415195465 0.014444351196289062
11.0 0.9502265453338623 0.35654163360595703 0.04811718687415123 0.0627916157245636
6.0 0.9277109503746033 0.3453194200992584 0.007773444056510925 0.018569521605968475
8.0 0.9496093988418579 0.3565833866596222 0.10078123956918716 0.09050008654594421
1.0 0.9825937747955322 0.8036110997200012 0.01764843240380287 0.017416635528206825
1.0 0.967398464679718 0.8448611497879028 0.016273431479930878 0.027166685089468956
6.0 0.9109843969345093 0.8384721875190735 0.008914070203900337 0.01911110430955887
11.0 0.9415859580039978 0.84437495470047 0.06453124433755875 0.06981945037841797
8.0 0.94189453125 0.8457777500152588 0.1162109449505806 0.10119448602199554
2.0 0.23158594965934753 0.018166648223996162 0.02567189186811447 0.036333296447992325
1.0 0.39357030391693115 0.059458307921886444 0.012523435056209564 0.023569531738758087
1.0 0.4225781261920929 0.03051386959850788 0.013109363615512848 0.028888914734125137
6.0 0.43668749928474426 0.060624971985816956 0.015023455023765564 0.0162777379155159
2.0 0.44221094250679016 0.08570829778909683 0.02460940182209015 0.031597137451171875
2.0 0.6692812442779541 0.836638867855072 0.0185859315097332 0.0462222620844841
2.0 0.6516640782356262 0.3440555930137634 0.021445317193865776 0.04527769982814789
11.0 0.41960155963897705 0.03146876394748688 0.06547654420137405 0.06293752789497375
8.0 0.37641406059265137 0.050218742340803146 0.1573202759027481 0.10043748468160629
1.0 0.5833515524864197 0.38172224164009094 0.021585948765277863 0.024930529296398163
1.0 0.5808359384536743 0.31752777099609375 0.01957811415195465 0.014444351196289062
11.0 0.6122734546661377 0.35654163360595703 0.04811718687415123 0.0627916157245636
6.0 0.6347890496253967 0.3453194200992584 0.007773444056510925 0.018569521605968475
8.0 0.5856328010559082 0.3565833866596222 0.15529687702655792 0.09050008654594421
1.0 0.5799062252044678 0.8036110997200012 0.01764843240380287 0.017416635528206825
1.0 0.595101535320282 0.8448611497879028 0.016273431479930878 0.027166685089468956
6.0 0.6515156030654907 0.8384721875190735 0.008914070203900337 0.01911110430955887
11.0 0.6209140419960022 0.84437495470047 0.06453124433755875 0.06981945037841797
8.0 0.5991953015327454 0.8457777500152588 0.15903125703334808 0.10119448602199554
2.0 0.20591405034065247 0.018166648223996162 0.02567189186811447 0.036333296447992325
1.0 0.04392968490719795 0.059458307921886444 0.012523435056209564 0.023569531738758087
1.0 0.014921862632036209 0.03051386959850788 0.013109363615512848 0.028888914734125137
6.0 0.004162115976214409 0.060624971985816956 0.008324231952428818 0.0162777379155159
2.0 0.003796882927417755 0.08570829778909683 0.00759376585483551 0.031597137451171875
11.0 0.025318358093500137 0.03146876394748688 0.050636716187000275 0.06293752789497375
8.0 0.06987303495407104 0.050218742340803146 0.1397460699081421 0.10043748468160629
