3.0 0.001955077052116394 0.6375277638435364 0.003910154104232788 0.2405971884727478
3.0 0.012499997392296791 0.9004861116409302 0.024999994784593582 0.19902780652046204
1.0 0.14448437094688416 0.980715274810791 0.04384375363588333 0.03856942430138588
1.0 0.13569532334804535 0.9274444580078125 0.030171871185302734 0.07743053883314133
6.0 0.11768750101327896 0.7879166603088379 0.0208749957382679 0.028708351776003838
2.0 0.13694530725479126 0.7321250438690186 0.05422656610608101 0.09862497448921204
7.0 0.05117187649011612 0.800694465637207 0.10234375298023224 0.1725972443819046
8.0 0.08281054347753525 0.8536735773086548 0.1656210869550705 0.29265281558036804
3.0 0.5697968602180481 0.6375277638435364 0.27241405844688416 0.2405971884727478
3.0 0.5585703253746033 0.9004861116409302 0.2921406328678131 0.19902780652046204
1.0 0.29301562905311584 0.980715274810791 0.04384375363588333 0.03856942430138588
1.0 0.30180469155311584 0.9274444580078125 0.030171871185302734 0.07743053883314133
6.0 0.31981250643730164 0.7879166603088379 0.0208749957382679 0.028708351776003838
2.0 0.30055469274520874 0.7321250438690186 0.05422656610608101 0.09862497448921204
7.0 0.4003984332084656 0.800694465637207 0.13048437237739563 0.1725972443819046
8.0 0.48768749833106995 0.8536735773086548 0.43161720037460327 0.29265281558036804
3.0 0.9282480478286743 0.6375277638435364 0.14350390434265137 0.2405971884727478
3.0 0.9289296865463257 0.9004861116409302 0.14214064180850983 0.19902780652046204
8.0 0.9295019507408142 0.8536735773086548 0.14099611341953278 0.29265281558036804
