3.0 0.07568359375 0.5840415954589844 0.1513671875 0.44522225856781006
11.0 0.05143164098262787 0.6812638640403748 0.10286328196525574 0.21994441747665405
6.0 0.09967968612909317 0.6660138964653015 0.02464061602950096 0.05138884484767914
2.0 0.13895311951637268 0.6579583287239075 0.03589843213558197 0.0836944580078125
8.0 0.0781269446015358 0.7192361354827881 0.1562538892030716 0.20883338153362274
3.0 0.48289844393730164 0.5840415954589844 0.39353126287460327 0.44522225856781006
11.0 0.38689061999320984 0.6812638640403748 0.10450781881809235 0.21994441747665405
6.0 0.3378203213214874 0.6660138964653015 0.02464061602950096 0.05138884484767914
2.0 0.2985468804836273 0.6579583287239075 0.03589843213558197 0.0836944580078125
8.0 0.46962499618530273 0.7192361354827881 0.37675780057907104 0.20883338153362274
3.0 0.941417932510376 0.5840415954589844 0.11716408282518387 0.44522225856781006
8.0 0.9522480368614197 0.7192361354827881 0.09550390392541885 0.20883338153362274
