3.0 0.109375 0.5757361054420471 0.21875 0.25579166412353516
11.0 0.21278125047683716 0.6500416994094849 0.011937499977648258 0.06634722650051117
8.0 0.17763280868530273 0.6513749957084656 0.08223437517881393 0.18647225201129913
11.0 0.025083983317017555 0.9873784780502319 0.05016796663403511 0.025243043899536133
2.0 0.08709375560283661 0.9660069346427917 0.05690624937415123 0.06798611581325531
6.0 0.04470311477780342 0.9898819327354431 0.018328137695789337 0.020236121490597725
8.0 0.0585937574505806 0.9667465686798096 0.1171875149011612 0.06650691479444504
3.0 0.45978906750679016 0.5757361054420471 0.4820781350135803 0.25579166412353516
11.0 0.22471874952316284 0.6500416994094849 0.011937499977648258 0.06634722650051117
8.0 0.25986719131469727 0.6513749957084656 0.08223437517881393 0.18647225201129913
11.0 0.47487500309944153 0.9873784780502319 0.1750859171152115 0.025243043899536133
11.0 0.5232187509536743 0.39362505078315735 0.11468750238418579 0.2575416564941406
2.0 0.4906562566757202 0.5951249599456787 0.07013280689716339 0.11184724420309067
2.0 0.3504062592983246 0.9660069346427917 0.05690624937415123 0.06798611581325531
6.0 0.3927968740463257 0.9898819327354431 0.018328137695789337 0.020236121490597725
6.0 0.519906222820282 0.5446250438690186 0.01760159432888031 0.03301387280225754
8.0 0.5790859460830688 0.43563881516456604 0.2459140419960022 0.43562501668930054
8.0 0.5108281373977661 0.9667465686798096 0.3810312747955322 0.06650691479444504
3.0 0.9308359622955322 0.5757361054420471 0.13832812011241913 0.25579166412353516
11.0 0.9909687638282776 0.39362505078315735 0.018062494695186615 0.2575416564941406
8.0 0.9302285313606262 0.43563881516456604 0.13954296708106995 0.43562501668930054
8.0 0.9305781126022339 0.9667465686798096 0.13884374499320984 0.06650691479444504
