10.0 0.9185312390327454 0.9083611369132996 0.02131250500679016 0.014486100524663925
23.0 0.9168202877044678 0.06605550646781921 0.13762500882148743 0.13211101293563843
23.0 0.9052656292915344 0.3001944124698639 0.13083593547344208 0.43262502551078796
6.0 0.9010546803474426 0.972611129283905 0.008164057508111 0.028097204864025116
2.0 0.8741796612739563 0.9653958082199097 0.04914062097668648 0.06920835375785828
11.0 0.9272734522819519 0.9560763835906982 0.10259375721216202 0.08784723281860352
8.0 0.9248046875 0.9526145458221436 0.150390625 0.09477085620164871
10.0 0.6439687609672546 0.9083611369132996 0.02131250500679016 0.014486100524663925
23.0 0.6456797122955322 0.06605550646781921 0.13762500882148743 0.13211101293563843
23.0 0.6572343707084656 0.3001944124698639 0.13083593547344208 0.43262502551078796
6.0 0.6614453196525574 0.972611129283905 0.008164057508111 0.028097204864025116
2.0 0.6883203387260437 0.9653958082199097 0.04914062097668648 0.06920835375785828
11.0 0.6352265477180481 0.9560763835906982 0.10259375721216202 0.08784723281860352
8.0 0.5731952786445618 0.9526145458221436 0.2793906331062317 0.09477085620164871
8.0 0.0020000040531158447 0.9526145458221436 0.0040000081062316895 0.09477085620164871
