2.0 0.9358984231948853 0.5801666378974915 0.0436718687415123 0.07630559802055359
2.0 0.9281874895095825 0.878333330154419 0.032718759030103683 0.09505558013916016
2.0 0.9877109527587891 0.7905416488647461 0.02007029950618744 0.028569433838129044
2.0 0.945117175579071 0.06187502667307854 0.012999996542930603 0.025583267211914062
7.0 0.9810292720794678 0.0392778180539608 0.037941403687000275 0.04695828631520271
7.0 0.9832597374916077 0.6268610954284668 0.03348046913743019 0.10988892614841461
8.0 0.9704218506813049 0.05127779766917229 0.05915625020861626 0.06265279650688171
6.0 0.9621406197547913 0.06634722650051117 0.009101573377847672 0.016652848571538925
6.0 0.9649062752723694 0.5944861173629761 0.014632824808359146 0.03576384484767914
6.0 0.9648671746253967 0.8774027824401855 0.01901562139391899 0.05326387658715248
8.0 0.956472635269165 0.6115000247955322 0.08705467730760574 0.15651385486125946
8.0 0.9888378977775574 0.7991249561309814 0.022324223071336746 0.043152809143066406
8.0 0.9548007845878601 0.9005555510520935 0.09039843827486038 0.19345834851264954
11.0 0.981027364730835 0.9092847108840942 0.03794530779123306 0.18143054842948914
2.0 0.6266015768051147 0.5801666378974915 0.0436718687415123 0.07630559802055359
2.0 0.6343125104904175 0.878333330154419 0.032718759030103683 0.09505558013916016
2.0 0.5747890472412109 0.7905416488647461 0.02007029950618744 0.028569433838129044
2.0 0.5242500305175781 0.26563888788223267 0.020695321261882782 0.03869438171386719
2.0 0.617382824420929 0.06187502667307854 0.012999996542930603 0.025583267211914062
1.0 0.546750009059906 0.06438890844583511 0.01588280126452446 0.020555496215820312
1.0 0.45992186665534973 0.2472083866596222 0.010953135788440704 0.016013886779546738
2.0 0.5126875042915344 0.5048888921737671 0.017039068043231964 0.028458382934331894
7.0 0.49657031893730164 0.5288611054420471 0.026945320889353752 0.028111139312386513
7.0 0.49559372663497925 0.2644999921321869 0.04005470126867294 0.06476381421089172
7.0 0.575921893119812 0.0392778180539608 0.04903906211256981 0.04695828631520271
7.0 0.5501406192779541 0.6268610954284668 0.09167967736721039 0.10988892614841461
7.0 0.5473203063011169 0.8117361068725586 0.02143748849630356 0.021888839080929756
8.0 0.5029218792915344 0.5182083249092102 0.03657032549381256 0.05338891223073006
8.0 0.49409374594688416 0.2700555622577667 0.08100780844688416 0.1052500382065773
8.0 0.5484843850135803 0.05127779766917229 0.14634373784065247 0.06265279650688171
6.0 0.6003593802452087 0.06634722650051117 0.009101573377847672 0.016652848571538925
6.0 0.5047890543937683 0.26604163646698 0.008281253278255463 0.018041610717773438
6.0 0.5975937247276306 0.5944861173629761 0.014632824808359146 0.03576384484767914
6.0 0.5976328253746033 0.8774027824401855 0.01901562139391899 0.05326387658715248
8.0 0.4945312440395355 0.6115000247955322 0.31004685163497925 0.15651385486125946
8.0 0.5546015501022339 0.7991249561309814 0.06044532358646393 0.043152809143066406
8.0 0.4853202998638153 0.9005555510520935 0.33515629172325134 0.19345834851264954
1.0 0.47878125309944153 0.8162777423858643 0.035742178559303284 0.027555571869015694
1.0 0.47002342343330383 0.9703333377838135 0.034835927188396454 0.03804164379835129
11.0 0.5346797108650208 0.9092847108840942 0.1315312385559082 0.18143054842948914
8.0 0.04899609461426735 0.6115000247955322 0.0979921892285347 0.15651385486125946
8.0 0.05987892299890518 0.9005555510520935 0.11975784599781036 0.19345834851264954
