3.0 0.036076176911592484 0.9545972347259521 0.07215235382318497 0.09080558270215988
15.0 0.69140625 0.9787083268165588 0.1796874850988388 0.04258333146572113
3.0 0.46467968821525574 0.9545972347259521 0.1986640840768814 0.09080558270215988
3.0 0.601312518119812 0.6859027743339539 0.3230312466621399 0.2615833282470703
3.0 0.6902577877044678 0.46069443225860596 0.18198439478874207 0.16295835375785828
2.0 0.7127734422683716 0.8626944422721863 0.013773411512374878 0.019402822479605675
11.0 0.7236641049385071 0.8692361116409302 0.029124967753887177 0.03165276721119881
8.0 0.7339687347412109 0.866569459438324 0.05663283169269562 0.04597218707203865
2.0 0.4670468866825104 0.2953749895095825 0.01643751561641693 0.029097238555550575
1.0 0.47828125953674316 0.32531940937042236 0.00596875324845314 0.011236190795898438
8.0 0.472531259059906 0.2976944148540497 0.03838281333446503 0.06275007128715515
7.0 0.4635312557220459 0.28744444251060486 0.01996874436736107 0.0321943499147892
15.0 0.87109375 0.9787083268165588 0.1796874850988388 0.04258333146572113
3.0 0.9992441534996033 0.9545972347259521 0.0015117228031158447 0.09080558270215988
3.0 0.8998359441757202 0.6859027743339539 0.20032811164855957 0.2615833282470703
3.0 0.8722422122955322 0.46069443225860596 0.18198439478874207 0.16295835375785828
2.0 0.8497265577316284 0.8626944422721863 0.013773411512374878 0.019402822479605675
11.0 0.8388358950614929 0.8692361116409302 0.029124967753887177 0.03165276721119881
8.0 0.8285312652587891 0.866569459438324 0.05663283169269562 0.04597218707203865
