2.0 0.886343777179718 0.897861123085022 0.014867182821035385 0.028291702270507812
2.0 0.8383593559265137 0.05468050763010979 0.017765628173947334 0.0323333740234375
2.0 0.831375002861023 0.19966666400432587 0.015289060771465302 0.03925005719065666
11.0 0.8640859127044678 0.06059720739722252 0.03285156190395355 0.0413750559091568
11.0 0.8742969036102295 0.18104171752929688 0.05425781384110451 0.08519448339939117
1.0 0.9225702881813049 0.22530555725097656 0.016039066016674042 0.019222259521484375
1.0 0.8649452924728394 0.09945837408304214 0.008203117176890373 0.017444398254156113
1.0 0.8453750014305115 0.101375050842762 0.01203906163573265 0.01862504705786705
1.0 0.9217734336853027 0.9065277576446533 0.007609376683831215 0.010944472625851631
1.0 0.9250312447547913 0.9194722175598145 0.00925000011920929 0.012861145660281181
11.0 0.9054218530654907 0.9444722533226013 0.0354609414935112 0.07394446432590485
8.0 0.9226328134536743 0.9325833320617676 0.08842968195676804 0.09948614239692688
8.0 0.9090077877044678 0.1608888804912567 0.16957812011241913 0.1411249339580536
8.0 0.8732265830039978 0.06826390326023102 0.08776561915874481 0.0813056081533432
2.0 0.676156222820282 0.897861123085022 0.014867182821035385 0.028291702270507812
2.0 0.7241406440734863 0.05468050763010979 0.017765628173947334 0.0323333740234375
2.0 0.731124997138977 0.19966666400432587 0.015289060771465302 0.03925005719065666
11.0 0.6984140872955322 0.06059720739722252 0.03285156190395355 0.0413750559091568
11.0 0.6882030963897705 0.18104171752929688 0.05425781384110451 0.08519448339939117
1.0 0.6399297118186951 0.22530555725097656 0.016039066016674042 0.019222259521484375
1.0 0.6975547075271606 0.09945837408304214 0.008203117176890373 0.017444398254156113
1.0 0.7171249985694885 0.101375050842762 0.01203906163573265 0.01862504705786705
1.0 0.6407265663146973 0.9065277576446533 0.007609376683831215 0.010944472625851631
1.0 0.6374687552452087 0.9194722175598145 0.00925000011920929 0.012861145660281181
11.0 0.6570781469345093 0.9444722533226013 0.0354609414935112 0.07394446432590485
8.0 0.6398671865463257 0.9325833320617676 0.08842968195676804 0.09948614239692688
8.0 0.6534922122955322 0.1608888804912567 0.16957812011241913 0.1411249339580536
8.0 0.6892734169960022 0.06826390326023102 0.08776561915874481 0.0813056081533432
