11.0 0.10156054049730301 0.2258264273405075 0.20312108099460602 0.451652854681015
6.0 0.19804687798023224 0.32500001788139343 0.04140625149011612 0.125
8.0 0.109375 0.3468610942363739 0.21875 0.6937221884727478
1.0 0.6713437438011169 0.5504305362701416 0.06813280284404755 0.28261110186576843
11.0 0.46739843487739563 0.2258264273405075 0.4660390317440033 0.451652854681015
6.0 0.23945312201976776 0.32500001788139343 0.04140625149011612 0.125
8.0 0.46016407012939453 0.3468610942363739 0.48282814025878906 0.6937221884727478
1.0 0.8911562561988831 0.5504305362701416 0.06813280284404755 0.28261110186576843
11.0 0.9310410022735596 0.2258264273405075 0.13791793584823608 0.451652854681015
8.0 0.9304609298706055 0.3468610942363739 0.13907814025878906 0.6937221884727478
