2.0 0.10353907197713852 0.49497219920158386 0.0987265557050705 0.17129172384738922
6.0 0.04201562702655792 0.5132361054420471 0.03426562249660492 0.05143054202198982
7.0 0.05245312675833702 0.7443194389343262 0.10490625351667404 0.45831945538520813
8.0 0.07812304049730301 0.6910971999168396 0.15624608099460602 0.5647499561309814
2.0 0.3339609205722809 0.49497219920158386 0.0987265557050705 0.17129172384738922
6.0 0.39548438787460327 0.5132361054420471 0.03426562249660492 0.05143054202198982
7.0 0.4648359417915344 0.7443194389343262 0.26448437571525574 0.45831945538520813
1.0 0.6626953482627869 0.5005972385406494 0.053070321679115295 0.06481938809156418
8.0 0.49135157465934753 0.6910971999168396 0.4201953113079071 0.5647499561309814
7.0 0.9827109575271606 0.7443194389343262 0.03457812964916229 0.45831945538520813
1.0 0.8998046517372131 0.5005972385406494 0.053070321679115295 0.06481938809156418
8.0 0.9305253624916077 0.6910971999168396 0.1389492154121399 0.5647499561309814
