3.0 0.8906269669532776 0.9716215133666992 0.2187460958957672 0.05675697326660156
2.0 0.5358984470367432 0.8941388726234436 0.019726574420928955 0.05154164507985115
2.0 0.4848906099796295 0.7798194289207458 0.03244532644748688 0.05795828625559807
6.0 0.513476550579071 0.8875694274902344 0.010992195457220078 0.032916706055402756
1.0 0.4459609389305115 0.8373333215713501 0.020578108727931976 0.01597224362194538
3.0 0.6140859127044678 0.9716215133666992 0.3343203067779541 0.05675697326660156
7.0 0.43605470657348633 0.768500030040741 0.05627341568470001 0.07788891345262527
7.0 0.4848984181880951 0.8858333230018616 0.052343763411045074 0.07702774554491043
6.0 0.46836718916893005 0.7969027757644653 0.007281258702278137 0.018777741119265556
8.0 0.41102343797683716 0.8183055520057678 0.1779530942440033 0.2190278321504593
8.0 0.46323439478874207 0.8980833292007446 0.16728127002716064 0.1335277557373047
1.0 0.0009140614420175552 0.8373333215713501 0.0018281228840351105 0.01597224362194538
7.0 0.014791006222367287 0.768500030040741 0.029582012444734573 0.07788891345262527
8.0 0.057726550847291946 0.8183055520057678 0.11545310169458389 0.2190278321504593
8.0 0.02895312011241913 0.8980833292007446 0.05790624022483826 0.1335277557373047
