6.0 0.32178908586502075 0.4747360944747925 0.006164051592350006 0.014958275482058525
2.0 0.3311249911785126 0.47486114501953125 0.008312501013278961 0.017013974487781525
7.0 0.302859365940094 0.4751249849796295 0.029695339500904083 0.04427782818675041
16.0 0.3044765591621399 0.7753750085830688 0.0744374692440033 0.34345829486846924
20.0 0.2996562421321869 0.105861134827137 0.09065625071525574 0.211722269654274
8.0 0.28956249356269836 0.4765416085720062 0.09395315498113632 0.055055566132068634
6.0 0.11571092903614044 0.4747360944747925 0.006164051592350006 0.014958275482058525
2.0 0.10637499392032623 0.47486114501953125 0.008312501013278961 0.017013974487781525
7.0 0.1346406191587448 0.4751249849796295 0.029695339500904083 0.04427782818675041
16.0 0.1330234408378601 0.7753750085830688 0.0744374692440033 0.34345829486846924
20.0 0.13784374296665192 0.105861134827137 0.09065625071525574 0.211722269654274
8.0 0.14793750643730164 0.4765416085720062 0.09395315498113632 0.055055566132068634
