3.0 0.92431640625 0.5840415954589844 0.1513671875 0.44522225856781006
11.0 0.9485683441162109 0.6812638640403748 0.10286328196525574 0.21994441747665405
6.0 0.900320291519165 0.6660138964653015 0.02464061602950096 0.05138884484767914
2.0 0.8610468506813049 0.6579583287239075 0.03589843213558197 0.0836944580078125
8.0 0.9218730330467224 0.7192361354827881 0.1562538892030716 0.20883338153362274
3.0 0.517101526260376 0.5840415954589844 0.39353126287460327 0.44522225856781006
11.0 0.6131093502044678 0.6812638640403748 0.10450781881809235 0.21994441747665405
6.0 0.662179708480835 0.6660138964653015 0.02464061602950096 0.05138884484767914
2.0 0.7014531493186951 0.6579583287239075 0.03589843213558197 0.0836944580078125
8.0 0.5303750038146973 0.7192361354827881 0.37675780057907104 0.20883338153362274
3.0 0.058582041412591934 0.5840415954589844 0.11716408282518387 0.44522225856781006
8.0 0.04775195196270943 0.7192361354827881 0.09550390392541885 0.20883338153362274
