2.0 0.8881640434265137 0.8930277824401855 0.015726562589406967 0.029069475829601288
6.0 0.8950312733650208 0.8988749980926514 0.009929688647389412 0.01437505055218935
1.0 0.9197421669960022 0.8894444704055786 0.004601564258337021 0.009124968200922012
1.0 0.9245937466621399 0.9146249890327454 0.007976554334163666 0.012819396331906319
11.0 0.906570315361023 0.9370277523994446 0.03653906285762787 0.05886109545826912
2.0 0.8385000228881836 0.05556943640112877 0.01864062249660492 0.0304862130433321
2.0 0.8404296636581421 0.21574994921684265 0.017851559445261955 0.03444438427686691
11.0 0.862429678440094 0.059986114501953125 0.033976562321186066 0.04115274176001549
11.0 0.8762031197547913 0.17718060314655304 0.05224218964576721 0.09055561572313309
1.0 0.902999997138977 0.23986107110977173 0.01883593015372753 0.022250069305300713
8.0 0.8728281259536743 0.06325001269578934 0.08857031166553497 0.06316672265529633
8.0 0.9111250042915344 0.17166668176651 0.15992186963558197 0.160736083984375
8.0 0.9234843850135803 0.9248055219650269 0.08914844691753387 0.09118056297302246
2.0 0.6743359565734863 0.8930277824401855 0.015726562589406967 0.029069475829601288
6.0 0.6674687266349792 0.8988749980926514 0.009929688647389412 0.01437505055218935
1.0 0.6427578330039978 0.8894444704055786 0.004601564258337021 0.009124968200922012
1.0 0.6379062533378601 0.9146249890327454 0.007976554334163666 0.012819396331906319
11.0 0.655929684638977 0.9370277523994446 0.03653906285762787 0.05886109545826912
2.0 0.7239999771118164 0.05556943640112877 0.01864062249660492 0.0304862130433321
2.0 0.7220703363418579 0.21574994921684265 0.017851559445261955 0.03444438427686691
11.0 0.700070321559906 0.059986114501953125 0.033976562321186066 0.04115274176001549
11.0 0.6862968802452087 0.17718060314655304 0.05224218964576721 0.09055561572313309
1.0 0.659500002861023 0.23986107110977173 0.01883593015372753 0.022250069305300713
8.0 0.6896718740463257 0.06325001269578934 0.08857031166553497 0.06316672265529633
8.0 0.6513749957084656 0.17166668176651 0.15992186963558197 0.160736083984375
8.0 0.6390156149864197 0.9248055219650269 0.08914844691753387 0.09118056297302246
