15.0 0.109375 0.2511354386806488 0.21875 0.5022708773612976
6.0 0.12537500262260437 0.651680588722229 0.02463282085955143 0.03280554711818695
2.0 0.16881249845027924 0.6581249833106995 0.044203124940395355 0.10845831036567688
11.0 0.0590820349752903 0.7186527848243713 0.1181640699505806 0.25130558013916016
8.0 0.095458984375 0.6744305491447449 0.19091796875 0.34147220849990845
15.0 0.35347655415534973 0.2511354386806488 0.26945313811302185 0.5022708773612976
6.0 0.31212499737739563 0.651680588722229 0.02463282085955143 0.03280554711818695
2.0 0.26868748664855957 0.6581249833106995 0.044203124940395355 0.10845831036567688
11.0 0.39024999737739563 0.7186527848243713 0.14182813465595245 0.25130558013916016
8.0 0.3865078091621399 0.6744305491447449 0.2798515558242798 0.34147220849990845
