2.0 0.9241074323654175 0.8021528124809265 0.15178515017032623 0.30295830965042114
11.0 0.9698671698570251 0.910163164138794 0.06026563048362732 0.17967361211776733
8.0 0.9235488176345825 0.824548602104187 0.15290234982967377 0.3509027659893036
2.0 0.629937469959259 0.8021528124809265 0.16869531571865082 0.30295830965042114
6.0 0.5316328406333923 0.8448333144187927 0.05057811364531517 0.08269447833299637
11.0 0.42075780034065247 0.910163164138794 0.4040156304836273 0.17967361211776733
1.0 0.27734375 0.8189861178398132 0.11718752235174179 0.09866661578416824
8.0 0.4670781195163727 0.824548602104187 0.4966484606266022 0.3509027659893036
11.0 0.109375 0.910163164138794 0.21875 0.17967361211776733
1.0 0.1601562350988388 0.8189861178398132 0.11718752235174179 0.09866661578416824
8.0 0.1093730553984642 0.824548602104187 0.2187461107969284 0.3509027659893036
