1.0 0.0543828085064888 0.39980560541152954 0.020492177456617355 0.03279177471995354
1.0 0.05321093276143074 0.3393888473510742 0.029937509447336197 0.03745841979980469
1.0 0.10707031190395355 0.2684444785118103 0.025976557284593582 0.058138951659202576
1.0 0.09342968463897705 0.3532916307449341 0.01058594137430191 0.06520843505859375
2.0 0.03523438423871994 0.24327775835990906 0.0556952990591526 0.10090276598930359
6.0 0.01633398048579693 0.2949722111225128 0.03266796097159386 0.035388946533203125
2.0 0.01768750511109829 0.38256943225860596 0.027117200195789337 0.04959721118211746
8.0 0.05788281559944153 0.28572219610214233 0.11576563119888306 0.20036104321479797
8.0 0.03373633697628975 0.36905553936958313 0.0674726739525795 0.1346944123506546
22.0 0.531624972820282 0.08057636767625809 0.08739064633846283 0.16115273535251617
1.0 0.3831171989440918 0.39980560541152954 0.020492177456617355 0.03279177471995354
1.0 0.38428905606269836 0.3393888473510742 0.029937509447336197 0.03745841979980469
1.0 0.33042970299720764 0.2684444785118103 0.025976557284593582 0.058138951659202576
1.0 0.34407031536102295 0.3532916307449341 0.01058594137430191 0.06520843505859375
2.0 0.40226560831069946 0.24327775835990906 0.0556952990591526 0.10090276598930359
6.0 0.42240625619888306 0.2949722111225128 0.035148438066244125 0.035388946533203125
2.0 0.41981250047683716 0.38256943225860596 0.027117200195789337 0.04959721118211746
11.0 0.48969531059265137 0.37437501549720764 0.09444530308246613 0.09375
11.0 0.525585949420929 0.28845828771591187 0.16196873784065247 0.18983332812786102
8.0 0.5514922142028809 0.28572219610214233 0.45951563119888306 0.20036104321479797
8.0 0.5278906226158142 0.36905553936958313 0.3157265782356262 0.1346944123506546
22.0 0.9935898184776306 0.08057636767625809 0.012820318341255188 0.16115273535251617
11.0 0.9779648780822754 0.28845828771591187 0.044070299714803696 0.18983332812786102
8.0 0.890625 0.28572219610214233 0.21875 0.20036104321479797
8.0 0.9383730292320251 0.36905553936958313 0.12325390428304672 0.1346944123506546
