4.0 0.9888378977775574 0.07701386511325836 0.022324223071336746 0.15402773022651672
5.0 0.8561015725135803 0.10777086764574051 0.14746874570846558 0.21554173529148102
8.0 0.890625 0.42777779698371887 0.21875 0.8555555939674377
4.0 0.4435078203678131 0.07701386511325836 0.28263282775878906 0.15402773022651672
5.0 0.7063984274864197 0.10777086764574051 0.14746874570846558 0.21554173529148102
7.0 0.32734376192092896 0.30277779698371887 0.2171875238418579 0.6055555939674377
8.0 0.5 0.42777779698371887 0.5625 0.8555555939674377
4.0 0.06765429675579071 0.07701386511325836 0.13530859351158142 0.15402773022651672
7.0 0.11015623807907104 0.30277779698371887 0.2171875238418579 0.6055555939674377
8.0 0.109375 0.42777779698371887 0.21875 0.8555555939674377
