4.0 0.9679120779037476 0.30650001764297485 0.06417578458786011 0.14348602294921875
0.0 0.890625 0.9314201474189758 0.21875 0.13715972006320953
2.0 0.8988515734672546 0.3662777841091156 0.15791407227516174 0.2774028182029724
11.0 0.9511738419532776 0.1573750227689743 0.09765231609344482 0.3147500455379486
8.0 0.9085937738418579 0.25416669249534607 0.18281251192092896 0.5083333849906921
4.0 0.5716015696525574 0.30650001764297485 0.11014842987060547 0.14348602294921875
0.0 0.5777656435966492 0.9314201474189758 0.40696877241134644 0.13715972006320953
2.0 0.6636484265327454 0.3662777841091156 0.15791407227516174 0.2774028182029724
2.0 0.4811796545982361 0.652222216129303 0.1503593921661377 0.2536250352859497
11.0 0.4286797046661377 0.6445277333259583 0.13482029736042023 0.6936111450195312
11.0 0.49514061212539673 0.1573750227689743 0.3300234079360962 0.3147500455379486
8.0 0.538281261920929 0.25416669249534607 0.4140624701976776 0.5083333849906921
8.0 0.4449531137943268 0.6469791531562805 0.22728905081748962 0.7060416340827942
4.0 0.39988282322883606 0.6625000238418579 0.024390600621700287 0.10816669464111328
0.0 0.03160937875509262 0.9314201474189758 0.06321875751018524 0.13715972006320953
2.0 0.015750013291835785 0.652222216129303 0.03150002658367157 0.2536250352859497
11.0 0.03811522573232651 0.6445277333259583 0.07623045146465302 0.6936111450195312
11.0 0.05368555337190628 0.1573750227689743 0.10737110674381256 0.3147500455379486
8.0 0.053124986588954926 0.25416669249534607 0.10624997317790985 0.5083333849906921
8.0 0.05309569835662842 0.6469791531562805 0.10619139671325684 0.7060416340827942
4.0 0.03761717304587364 0.6625000238418579 0.024390600621700287 0.10816669464111328
