6.0 0.09801562130451202 0.5313194394111633 0.022718746215105057 0.019777826964855194
6.0 0.07444531470537186 0.7570972442626953 0.015874996781349182 0.04547224938869476
2.0 0.11598437279462814 0.7555555701255798 0.03934374824166298 0.09654172509908676
2.0 0.1338203251361847 0.5192500352859497 0.05054686963558197 0.10450002551078796
11.0 0.047230470925569534 0.4840277433395386 0.09446094185113907 0.17241668701171875
11.0 0.03941601887345314 0.7845555543899536 0.07883203774690628 0.1698610484600067
8.0 0.080078125 0.47388893365859985 0.16015625 0.2262083739042282
8.0 0.06796874850988388 0.7683472037315369 0.13593749701976776 0.2233888804912567
1.0 0.49271875619888306 0.5600416660308838 0.02804688736796379 0.053236111998558044
1.0 0.46042969822883606 0.6792083382606506 0.01744532212615013 0.049750011414289474
1.0 0.46729686856269836 0.7768332958221436 0.021250002086162567 0.0666249617934227
6.0 0.3394843637943268 0.5313194394111633 0.022718746215105057 0.019777826964855194
6.0 0.36305469274520874 0.7570972442626953 0.015874996781349182 0.04547224938869476
2.0 0.32151561975479126 0.7555555701255798 0.03934374824166298 0.09654172509908676
2.0 0.3036796748638153 0.5192500352859497 0.05054686963558197 0.10450002551078796
11.0 0.42027342319488525 0.4840277433395386 0.15446874499320984 0.17241668701171875
11.0 0.4237734377384186 0.7845555543899536 0.13021093606948853 0.1698610484600067
8.0 0.4901171624660492 0.47388893365859985 0.4255468547344208 0.2262083739042282
8.0 0.4742109179496765 0.7683472037315369 0.34529685974121094 0.2233888804912567
8.0 0.9298046827316284 0.47388893365859985 0.14039060473442078 0.2262083739042282
8.0 0.9578202962875366 0.7683472037315369 0.08435936272144318 0.2233888804912567
