3.0 0.109375 0.9718402624130249 0.21875 0.056319449096918106
3.0 0.45481249690055847 0.9718402624130249 0.47212502360343933 0.056319449096918106
8.0 0.574593722820282 0.5926805734634399 0.25075000524520874 0.19684717059135437
8.0 0.5888359546661377 0.824916660785675 0.17209374904632568 0.22047223150730133
8.0 0.5379921793937683 0.8989027738571167 0.16750779747962952 0.13995830714702606
1.0 0.5542812347412109 0.8403472304344177 0.020328126847743988 0.019680552184581757
7.0 0.512890636920929 0.8813194632530212 0.05335938185453415 0.07172223925590515
7.0 0.5636953115463257 0.7688611149787903 0.047429703176021576 0.0809444859623909
7.0 0.5525859594345093 0.6336528062820435 0.09874217212200165 0.10627778619527817
6.0 0.4861171841621399 0.8906805515289307 0.00900779664516449 0.03177780658006668
6.0 0.5339062213897705 0.8117499947547913 0.006234392523765564 0.01479170098900795
6.0 0.4986250102519989 0.5799722075462341 0.016546882688999176 0.029013846069574356
2.0 0.4645312428474426 0.8947638869285583 0.020062487572431564 0.05301390588283539
2.0 0.5184375047683716 0.7975139021873474 0.030445285141468048 0.07104163616895676
2.0 0.4662421941757202 0.5956110954284668 0.034500014036893845 0.10555553436279297
3.0 0.9358124732971191 0.9718402624130249 0.12837500870227814 0.056319449096918106
8.0 0.931265652179718 0.5926805734634399 0.13746874034404755 0.19684717059135437
8.0 0.9438086152076721 0.824916660785675 0.11238281428813934 0.22047223150730133
8.0 0.9703769683837891 0.8989027738571167 0.05924607068300247 0.13995830714702606
1.0 0.9990273714065552 0.8403472304344177 0.00194530189037323 0.019680552184581757
7.0 0.9875448942184448 0.7688611149787903 0.024910174310207367 0.0809444859623909
7.0 0.9802714586257935 0.6336528062820435 0.039457034319639206 0.10627778619527817
