5.0 0.6225156188011169 0.34672218561172485 0.01846875250339508 0.04715283587574959
5.0 0.6695859432220459 0.7763749957084656 0.021085917949676514 0.06881947070360184
7.0 0.73828125 0.8340277671813965 0.0859375074505806 0.15416663885116577
7.0 0.6676328182220459 0.348444402217865 0.05066404491662979 0.06752777099609375
8.0 0.6529297232627869 0.3426249921321869 0.08152346312999725 0.15456941723823547
8.0 0.7073203325271606 0.7946111559867859 0.13673439621925354 0.31011107563972473
5.0 0.9399843811988831 0.34672218561172485 0.01846875250339508 0.04715283587574959
5.0 0.8929140567779541 0.7763749957084656 0.021085917949676514 0.06881947070360184
7.0 0.82421875 0.8340277671813965 0.0859375074505806 0.15416663885116577
7.0 0.8948671817779541 0.348444402217865 0.05066404491662979 0.06752777099609375
8.0 0.9095702767372131 0.3426249921321869 0.08152346312999725 0.15456941723823547
8.0 0.8551796674728394 0.7946111559867859 0.13673439621925354 0.31011107563972473
