19.0 0.9453125 0.6782673597335815 0.1093749925494194 0.6434652805328369
20.0 0.951953113079071 0.37916669249534607 0.09609375894069672 0.7583333849906921
11.0 0.9827480316162109 0.894527792930603 0.03450389951467514 0.21094444394111633
8.0 0.9235644340515137 0.8931666612625122 0.15287110209465027 0.21366670727729797
6.0 0.9546718597412109 0.9892500042915344 0.03505469486117363 0.021500004455447197
2.0 0.8776171803474426 0.9799027442932129 0.0680234357714653 0.04019445925951004
19.0 0.560226559638977 0.6782673597335815 0.2232968658208847 0.6434652805328369
20.0 0.4398437440395355 0.37916669249534607 0.4375 0.7583333849906921
11.0 0.45564842224121094 0.894527792930603 0.2827109396457672 0.21094444394111633
8.0 0.46706250309944153 0.8931666612625122 0.49661722779273987 0.21366670727729797
6.0 0.6078281402587891 0.9892500042915344 0.03505469486117363 0.021500004455447197
2.0 0.6848828196525574 0.9799027442932129 0.0680234357714653 0.04019445925951004
20.0 0.10820312798023224 0.37916669249534607 0.21640625596046448 0.7583333849906921
11.0 0.06160351634025574 0.894527792930603 0.12320703268051147 0.21094444394111633
8.0 0.1093730553984642 0.8931666612625122 0.2187461107969284 0.21366670727729797
