6.0 0.9874765872955322 0.5236250162124634 0.0046953074634075165 0.014041688293218613
2.0 0.9767968654632568 0.5233749747276306 0.011023443192243576 0.029388852417469025
7.0 0.99267578125 0.503527820110321 0.014648444950580597 0.04963885247707367
7.0 0.998404324054718 0.6322222352027893 0.0031914059072732925 0.03737502545118332
8.0 0.989550769329071 0.6426805257797241 0.020898427814245224 0.07687494158744812
8.0 0.9856425523757935 0.5164305567741394 0.02871483750641346 0.09256940335035324
3.0 0.3051484525203705 0.4769443869590759 0.17279689013957977 0.09126387536525726
1.0 0.5332109332084656 0.6748194694519043 0.007398437708616257 0.010513941757380962
1.0 0.521429717540741 0.6096527576446533 0.00949220359325409 0.009611129760742188
1.0 0.5356562733650208 0.5547916889190674 0.008765626698732376 0.016569456085562706
6.0 0.5750234127044678 0.5236250162124634 0.0046953074634075165 0.014041688293218613
2.0 0.5857031345367432 0.5233749747276306 0.011023443192243576 0.029388852417469025
7.0 0.5667499899864197 0.503527820110321 0.020796876400709152 0.04963885247707367
7.0 0.5493202805519104 0.6322222352027893 0.03274219483137131 0.03737502545118332
8.0 0.5502343773841858 0.6426805257797241 0.06632810831069946 0.07687494158744812
8.0 0.5543984174728394 0.5164305567741394 0.07363280653953552 0.09256940335035324
3.0 0.13235154747962952 0.4769443869590759 0.17279689013957977 0.09126387536525726
