4.0 0.032087892293930054 0.30650001764297485 0.06417578458786011 0.14348602294921875
0.0 0.109375 0.9314201474189758 0.21875 0.13715972006320953
2.0 0.10114843398332596 0.3662777841091156 0.15791407227516174 0.2774028182029724
11.0 0.04882616177201271 0.1573750227689743 0.09765232354402542 0.3147500455379486
8.0 0.09140625596046448 0.25416669249534607 0.18281251192092896 0.5083333849906921
4.0 0.4283984303474426 0.30650001764297485 0.11014842987060547 0.14348602294921875
0.0 0.4222343862056732 0.9314201474189758 0.40696877241134644 0.13715972006320953
2.0 0.33635157346725464 0.3662777841091156 0.15791407227516174 0.2774028182029724
2.0 0.5188203454017639 0.652222216129303 0.1503593921661377 0.2536250352859497
11.0 0.5713202953338623 0.6445277333259583 0.13482029736042023 0.6936111450195312
11.0 0.5048593878746033 0.1573750227689743 0.3300234079360962 0.3147500455379486
8.0 0.46171873807907104 0.25416669249534607 0.4140624701976776 0.5083333849906921
8.0 0.5550468564033508 0.6469791531562805 0.22728905081748962 0.7060416340827942
4.0 0.6001171469688416 0.6625000238418579 0.024390600621700287 0.10816669464111328
0.0 0.9683906435966492 0.9314201474189758 0.06321875751018524 0.13715972006320953
2.0 0.984250009059906 0.652222216129303 0.03150002658367157 0.2536250352859497
11.0 0.9618847966194153 0.6445277333259583 0.07623045146465302 0.6936111450195312
11.0 0.9463144540786743 0.1573750227689743 0.10737110674381256 0.3147500455379486
8.0 0.9468750357627869 0.25416669249534607 0.10624997317790985 0.5083333849906921
8.0 0.9469043016433716 0.6469791531562805 0.10619139671325684 0.7060416340827942
4.0 0.9623828530311584 0.6625000238418579 0.024390600621700287 0.10816669464111328
