2.0 0.11365624517202377 0.897861123085022 0.014867182821035385 0.028291702270507812
2.0 0.16164062917232513 0.05468050763010979 0.017765628173947334 0.0323333740234375
2.0 0.16862499713897705 0.19966666400432587 0.015289060771465302 0.03925005719065666
11.0 0.13591405749320984 0.06059720739722252 0.03285156190395355 0.0413750559091568
11.0 0.1257031261920929 0.18104171752929688 0.05425781384110451 0.08519448339939117
1.0 0.07742968201637268 0.22530555725097656 0.016039066016674042 0.019222259521484375
1.0 0.13505467772483826 0.09945837408304214 0.008203117176890373 0.017444398254156113
1.0 0.15462499856948853 0.101375050842762 0.01203906163573265 0.01862504705786705
1.0 0.07822656631469727 0.9065277576446533 0.007609376683831215 0.010944472625851631
1.0 0.07496874034404755 0.9194722175598145 0.00925000011920929 0.012861145660281181
11.0 0.09457811713218689 0.9444722533226013 0.0354609414935112 0.07394446432590485
8.0 0.07736719399690628 0.9325833320617676 0.08842968195676804 0.09948614239692688
8.0 0.09099218249320984 0.1608888804912567 0.16957812011241913 0.1411249339580536
8.0 0.12677344679832458 0.06826390326023102 0.08776561915874481 0.0813056081533432
2.0 0.32384374737739563 0.897861123085022 0.014867182821035385 0.028291702270507812
2.0 0.27585938572883606 0.05468050763010979 0.017765628173947334 0.0323333740234375
2.0 0.26887500286102295 0.19966666400432587 0.015289060771465302 0.03925005719065666
11.0 0.30158594250679016 0.06059720739722252 0.03285156190395355 0.0413750559091568
11.0 0.3117968738079071 0.18104171752929688 0.05425781384110451 0.08519448339939117
1.0 0.3600703179836273 0.22530555725097656 0.016039066016674042 0.019222259521484375
1.0 0.30244532227516174 0.09945837408304214 0.008203117176890373 0.017444398254156113
1.0 0.2828750014305115 0.101375050842762 0.01203906163573265 0.01862504705786705
1.0 0.35927343368530273 0.9065277576446533 0.007609376683831215 0.010944472625851631
1.0 0.36253124475479126 0.9194722175598145 0.00925000011920929 0.012861145660281181
11.0 0.3429218828678131 0.9444722533226013 0.0354609414935112 0.07394446432590485
8.0 0.3601328134536743 0.9325833320617676 0.08842968195676804 0.09948614239692688
8.0 0.34650781750679016 0.1608888804912567 0.16957812011241913 0.1411249339580536
8.0 0.3107265532016754 0.06826390326023102 0.08776561915874481 0.0813056081533432
