8.0 0.0021484391763806343 0.6431666612625122 0.004296878352761269 0.12563885748386383
8.0 0.005439450964331627 0.38365280628204346 0.010878901928663254 0.11922221630811691
2.0 0.0019960980862379074 0.6611944437026978 0.003992196172475815 0.03331947326660156
2.0 0.005208982154726982 0.36791664361953735 0.010417964309453964 0.03398619592189789
3.0 0.022517578676342964 0.13487498462200165 0.04503515735268593 0.1969723105430603
8.0 0.49012500047683716 0.6431666612625122 0.11384376138448715 0.12563885748386383
8.0 0.48655468225479126 0.38365280628204346 0.11986718326807022 0.11922221630811691
7.0 0.4650624990463257 0.6656527519226074 0.025335945188999176 0.04534721374511719
7.0 0.46198439598083496 0.363611102104187 0.03298436477780342 0.05161115899682045
2.0 0.44020313024520874 0.6611944437026978 0.013390626758337021 0.03331947326660156
6.0 0.4505312442779541 0.6547916531562805 0.004406265914440155 0.008958286605775356
6.0 0.44453126192092896 0.37583330273628235 0.0044609494507312775 0.0069166817702353
2.0 0.4330781400203705 0.36791664361953735 0.011992190033197403 0.03398619592189789
3.0 0.5313515663146973 0.13487498462200165 0.2777734398841858 0.1969723105430603
3.0 0.5870546698570251 0.14133337140083313 0.16399997472763062 0.12033335119485855
3.0 0.9461308717727661 0.13487498462200165 0.10773830115795135 0.1969723105430603
3.0 0.946722686290741 0.14133337140083313 0.10655467212200165 0.12033335119485855
