3.0 0.9980449080467224 0.6375277638435364 0.003910154104232788 0.2405971884727478
3.0 0.987500011920929 0.9004861116409302 0.024999994784593582 0.19902780652046204
1.0 0.8555155992507935 0.980715274810791 0.04384375363588333 0.03856942430138588
1.0 0.8643046617507935 0.9274444580078125 0.030171871185302734 0.07743053883314133
6.0 0.8823124766349792 0.7879166603088379 0.0208749957382679 0.028708351776003838
2.0 0.8630546927452087 0.7321250438690186 0.05422656610608101 0.09862497448921204
7.0 0.9488281011581421 0.800694465637207 0.10234375298023224 0.1725972443819046
8.0 0.9171894788742065 0.8536735773086548 0.1656210869550705 0.29265281558036804
3.0 0.4302031099796295 0.6375277638435364 0.27241405844688416 0.2405971884727478
3.0 0.44142967462539673 0.9004861116409302 0.2921406328678131 0.19902780652046204
1.0 0.7069844007492065 0.980715274810791 0.04384375363588333 0.03856942430138588
1.0 0.6981953382492065 0.9274444580078125 0.030171871185302734 0.07743053883314133
6.0 0.6801875233650208 0.7879166603088379 0.0208749957382679 0.028708351776003838
2.0 0.6994453072547913 0.7321250438690186 0.05422656610608101 0.09862497448921204
7.0 0.5996015667915344 0.800694465637207 0.13048437237739563 0.1725972443819046
8.0 0.5123124718666077 0.8536735773086548 0.43161720037460327 0.29265281558036804
3.0 0.07175195217132568 0.6375277638435364 0.14350390434265137 0.2405971884727478
3.0 0.07107032090425491 0.9004861116409302 0.14214064180850983 0.19902780652046204
8.0 0.07049805670976639 0.8536735773086548 0.14099611341953278 0.29265281558036804
