11.0 0.8984394669532776 0.2258264273405075 0.20312108099460602 0.451652854681015
6.0 0.801953136920929 0.32500001788139343 0.04140625149011612 0.125
8.0 0.890625 0.3468610942363739 0.21875 0.6937221884727478
1.0 0.32865625619888306 0.5504305362701416 0.06813280284404755 0.28261110186576843
11.0 0.5326015949249268 0.2258264273405075 0.4660390317440033 0.451652854681015
6.0 0.760546863079071 0.32500001788139343 0.04140625149011612 0.125
8.0 0.5398359298706055 0.3468610942363739 0.48282814025878906 0.6937221884727478
1.0 0.10884373635053635 0.5504305362701416 0.06813280284404755 0.28261110186576843
11.0 0.06895896792411804 0.2258264273405075 0.13791793584823608 0.451652854681015
8.0 0.06953907012939453 0.3468610942363739 0.13907814025878906 0.6937221884727478
