10.0 0.08228906244039536 0.8885138630867004 0.023703116923570633 0.016388893127441406
19.0 0.0839531198143959 0.6846944689750671 0.09381251037120819 0.2073611170053482
22.0 0.09554687887430191 0.28070831298828125 0.13624218106269836 0.43477779626846313
22.0 0.08085937798023224 0.05182986706495285 0.13749217987060547 0.1036597341299057
11.0 0.07894530892372131 0.980256974697113 0.08975782245397568 0.03948609158396721
2.0 0.1478906273841858 0.9945590496063232 0.0393671840429306 0.010881926864385605
8.0 0.08457227051258087 0.9675347208976746 0.16914454102516174 0.06493054330348969
10.0 0.35521093010902405 0.8885138630867004 0.023703116923570633 0.016388893127441406
19.0 0.3535468876361847 0.6846944689750671 0.09381251037120819 0.2073611170053482
22.0 0.3419531285762787 0.28070831298828125 0.13624218106269836 0.43477779626846313
22.0 0.35664060711860657 0.05182986706495285 0.13749217987060547 0.1036597341299057
11.0 0.3585546910762787 0.980256974697113 0.08975782245397568 0.03948609158396721
2.0 0.2896093726158142 0.9945590496063232 0.0393671840429306 0.010881926864385605
8.0 0.40476563572883606 0.9675347208976746 0.2728203237056732 0.06493054330348969
