13.0 0.040220048278570175 0.09497684985399246 0.08044009655714035 0.18995369970798492
23.0 0.1417708396911621 0.3285185396671295 0.01670312136411667 0.0408240407705307
23.0 0.14209896326065063 0.3723703920841217 0.014822913333773613 0.043537139892578125
23.0 0.144552081823349 0.41612040996551514 0.01783853769302368 0.04223145544528961
23.0 0.14599479734897614 0.4584906995296478 0.015645831823349 0.04389805346727371
23.0 0.14805728197097778 0.519444465637207 0.015864579007029533 0.0465833880007267
23.0 0.1489114612340927 0.5643981099128723 0.015723954886198044 0.04187032952904701
23.0 0.14967186748981476 0.606499969959259 0.015505204908549786 0.04423151910305023
23.0 0.1508437544107437 0.6504907608032227 0.015234377235174179 0.04421297833323479
23.0 0.15202604234218597 0.6866759061813354 0.01521354354918003 0.04360188543796539
23.0 0.15326042473316193 0.7215278148651123 0.014833332970738411 0.04242589697241783
23.0 0.15428124368190765 0.750166654586792 0.015916667878627777 0.04254627227783203
23.0 0.154401034116745 0.7850092649459839 0.015682289376854897 0.04972224682569504
23.0 0.15567708015441895 0.8237221837043762 0.0162447951734066 0.04808330535888672
23.0 0.20049479603767395 0.9541110992431641 0.008010417222976685 0.021064838394522667
23.0 0.1987135410308838 0.9764259457588196 0.008822917006909847 0.022574054077267647
23.0 0.19773437082767487 0.9882523417472839 0.008817708119750023 0.023495355620980263
23.0 0.1967083364725113 0.9958958029747009 0.007729166653007269 0.008208354003727436
14.0 0.10683333873748779 0.8524444103240967 0.013333328068256378 0.009333292953670025
10.0 0.12023437023162842 0.004560152534395456 0.0038906279951334 0.009120305068790913
13.0 0.012019529938697815 0.5443981289863586 0.02403905987739563 0.18418513238430023
0.0 0.091796875 0.5658704042434692 0.18359375 0.8682591915130615
13.0 0.39963021874427795 0.09497684985399246 0.08514062315225601 0.18995369970798492
23.0 0.2957291603088379 0.3285185396671295 0.01670312136411667 0.0408240407705307
23.0 0.29540103673934937 0.3723703920841217 0.014822913333773613 0.043537139892578125
23.0 0.292947918176651 0.41612040996551514 0.01783853769302368 0.04223145544528961
23.0 0.29150518774986267 0.4584906995296478 0.015645831823349 0.04389805346727371
23.0 0.2894427180290222 0.519444465637207 0.015864579007029533 0.0465833880007267
23.0 0.2885885536670685 0.5643981099128723 0.015723954886198044 0.04187032952904701
23.0 0.28782811760902405 0.606499969959259 0.015505204908549786 0.04423151910305023
23.0 0.2866562604904175 0.6504907608032227 0.015234377235174179 0.04421297833323479
23.0 0.2854739725589752 0.6866759061813354 0.015213544480502605 0.04360188543796539
23.0 0.28423959016799927 0.7215278148651123 0.014833332970738411 0.04242589697241783
23.0 0.28321874141693115 0.750166654586792 0.015916667878627777 0.04254627227783203
23.0 0.283098965883255 0.7850092649459839 0.015682289376854897 0.04972224682569504
23.0 0.28182291984558105 0.8237221837043762 0.0162447951734066 0.04808330535888672
23.0 0.23700520396232605 0.9541110992431641 0.008010417222976685 0.021064838394522667
23.0 0.2387864589691162 0.9764259457588196 0.008822917006909847 0.022574054077267647
23.0 0.23976562917232513 0.9882523417472839 0.008817708119750023 0.023495355620980263
23.0 0.2407916635274887 0.9958958029747009 0.007729166653007269 0.008208354003727436
14.0 0.3306666612625122 0.8524444103240967 0.013333328068256378 0.009333292953670025
10.0 0.3172656297683716 0.004560152534395456 0.0038906279951334 0.009120305068790913
8.0 0.4923854172229767 0.681842565536499 0.020828140899538994 0.018981508910655975
13.0 0.47970834374427795 0.5443981289863586 0.13249479234218597 0.18418513238430023
0.0 0.4568333327770233 0.5658704042434692 0.40585416555404663 0.8682591915130615
0.0 0.9513697624206543 0.5658704042434692 0.09726041555404663 0.8682591915130615
