1.0 0.9456171989440918 0.39980560541152954 0.020492177456617355 0.03279177471995354
1.0 0.9467890858650208 0.3393888473510742 0.029937509447336197 0.03745841979980469
1.0 0.8929296731948853 0.2684444785118103 0.025976557284593582 0.058138951659202576
1.0 0.906570315361023 0.3532916307449341 0.01058594137430191 0.06520843505859375
2.0 0.9647656083106995 0.24327775835990906 0.0556952990591526 0.10090276598930359
6.0 0.9836660027503967 0.2949722111225128 0.03266796097159386 0.035388946533203125
2.0 0.9823125004768372 0.38256943225860596 0.027117200195789337 0.04959721118211746
8.0 0.9421172142028809 0.28572219610214233 0.11576563119888306 0.20036104321479797
8.0 0.9662636518478394 0.36905553936958313 0.0674726739525795 0.1346944123506546
22.0 0.46837499737739563 0.08057636767625809 0.08739064633846283 0.16115273535251617
1.0 0.6168828010559082 0.39980560541152954 0.020492177456617355 0.03279177471995354
1.0 0.6157109141349792 0.3393888473510742 0.029937509447336197 0.03745841979980469
1.0 0.6695703268051147 0.2684444785118103 0.025976557284593582 0.058138951659202576
1.0 0.655929684638977 0.3532916307449341 0.01058594137430191 0.06520843505859375
2.0 0.5977343916893005 0.24327775835990906 0.0556952990591526 0.10090276598930359
6.0 0.5775937438011169 0.2949722111225128 0.035148438066244125 0.035388946533203125
2.0 0.5801874995231628 0.38256943225860596 0.027117200195789337 0.04959721118211746
11.0 0.5103046894073486 0.37437501549720764 0.09444530308246613 0.09375
11.0 0.47441408038139343 0.28845828771591187 0.16196873784065247 0.18983332812786102
8.0 0.44850781559944153 0.28572219610214233 0.45951563119888306 0.20036104321479797
8.0 0.4721093773841858 0.36905553936958313 0.3157265782356262 0.1346944123506546
22.0 0.006410159170627594 0.08057636767625809 0.012820318341255188 0.16115273535251617
11.0 0.022035149857401848 0.28845828771591187 0.044070299714803696 0.18983332812786102
8.0 0.109375 0.28572219610214233 0.21875 0.20036104321479797
8.0 0.06162695214152336 0.36905553936958313 0.12325390428304672 0.1346944123506546
