4.0 0.9851582050323486 0.905465304851532 0.029683584347367287 0.18906943500041962
4.0 0.45753124356269836 0.905465304851532 0.26930466294288635 0.18906943500041962
4.0 0.44678908586502075 0.4628889262676239 0.1314140409231186 0.4204167127609253
4.0 0.4291718900203705 0.11849652230739594 0.13696874678134918 0.23699304461479187
1.0 0.27555468678474426 0.03652085363864899 0.05379686504602432 0.07304170727729797
1.0 0.34860938787460327 0.21807639300823212 0.11974219232797623 0.43615278601646423
1.0 0.30156248807907104 0.5777777433395386 0.16562500596046448 0.28055551648139954
1.0 0.3119452893733978 0.568819522857666 0.18638281524181366 0.5024999380111694
4.0 0.05731054022908211 0.905465304851532 0.11462108045816422 0.18906943500041962
4.0 0.02820897474884987 0.4628889262676239 0.05641794949769974 0.4204167127609253
4.0 0.03840624541044235 0.11849652230739594 0.0768124908208847 0.23699304461479187
1.0 0.16194531321525574 0.03652085363864899 0.05379686504602432 0.07304170727729797
1.0 0.08889061212539673 0.21807639300823212 0.11974219232797623 0.43615278601646423
1.0 0.13593749701976776 0.5777777433395386 0.16562500596046448 0.28055551648139954
1.0 0.12555471062660217 0.568819522857666 0.18638281524181366 0.5024999380111694
