2.0 0.09953906387090683 0.5080138444900513 0.055382806807756424 0.0936250165104866
2.0 0.13757812976837158 0.31037500500679016 0.0462656244635582 0.11193063855171204
6.0 0.09149999916553497 0.3230278193950653 0.01789061911404133 0.035027820616960526
6.0 0.061875004321336746 0.5297777652740479 0.01687498390674591 0.026291634887456894
11.0 0.03906053677201271 0.5896250009536743 0.07812107354402542 0.19229163229465485
11.0 0.04799218475818634 0.2319166362285614 0.09598436951637268 0.1934443563222885
8.0 0.08091601729393005 0.2488749772310257 0.1618320345878601 0.23888884484767914
8.0 0.06529101729393005 0.5852222442626953 0.1305820345878601 0.24476391077041626
2.0 0.3379609286785126 0.5080138444900513 0.055382803082466125 0.0936250165104866
2.0 0.2999218702316284 0.31037500500679016 0.0462656244635582 0.11193063855171204
6.0 0.34599998593330383 0.3230278193950653 0.01789061911404133 0.035027820616960526
6.0 0.37562498450279236 0.5297777652740479 0.01687498390674591 0.026291634887456894
1.0 0.5007500052452087 0.5948611497879028 0.023828141391277313 0.06277772784233093
1.0 0.49519529938697815 0.5052361488342285 0.021640632301568985 0.04758331552147865
1.0 0.5199999809265137 0.3274722695350647 0.03553122282028198 0.06186103820800781
11.0 0.43723437190055847 0.5896250009536743 0.15571092069149017 0.19229163229465485
11.0 0.4247343838214874 0.2319166362285614 0.1664375215768814 0.1934443563222885
8.0 0.5060312747955322 0.2488749772310257 0.4607265889644623 0.23888884484767914
8.0 0.5013437271118164 0.5852222442626953 0.3888515830039978 0.24476391077041626
8.0 0.9130527377128601 0.2488749772310257 0.17389455437660217 0.23888884484767914
8.0 0.9333652257919312 0.5852222442626953 0.1332695484161377 0.24476391077041626
