1.0 0.12562499940395355 0.6541111469268799 0.033117182552814484 0.057430583983659744
1.0 0.11139843612909317 0.70440274477005 0.03032812289893627 0.04851394146680832
1.0 0.009373044595122337 0.7223471999168396 0.018746089190244675 0.03762499615550041
1.0 0.04868750274181366 0.7750416994094849 0.02918749675154686 0.02668052166700363
11.0 0.011326170526444912 0.4877360761165619 0.022652341052889824 0.16516664624214172
11.0 0.006249997764825821 0.7147777676582336 0.012499995529651642 0.0944306030869484
2.0 0.06544531136751175 0.5058055520057678 0.04254687577486038 0.08737500756978989
2.0 0.043031245470047 0.690541684627533 0.02330467477440834 0.03733338415622711
8.0 0.03164061903953552 0.7263472080230713 0.06328123807907104 0.12683327496051788
8.0 0.072265625 0.5557083487510681 0.14453125 0.3486804962158203
1.0 0.31187498569488525 0.6541111469268799 0.033117182552814484 0.057430583983659744
1.0 0.3261015713214874 0.70440274477005 0.03032812289893627 0.04851394146680832
1.0 0.4307578206062317 0.7223471999168396 0.02400781586766243 0.03762499615550041
1.0 0.38881248235702515 0.7750416994094849 0.02918749675154686 0.02668052166700363
22.0 0.5025937557220459 0.3734583258628845 0.08018750697374344 0.13538891077041626
20.0 0.49799999594688416 0.23144446313381195 0.04443751275539398 0.16388893127441406
11.0 0.49071094393730164 0.4877360761165619 0.15172657370567322 0.16516664624214172
11.0 0.47273436188697815 0.7147777676582336 0.09546873718500137 0.0944306030869484
2.0 0.37205469608306885 0.5058055520057678 0.04254687577486038 0.08737500756978989
2.0 0.394468754529953 0.690541684627533 0.02330467477440834 0.03733338415622711
8.0 0.5233750343322754 0.7263472080230713 0.2983125150203705 0.12683327496051788
8.0 0.533679723739624 0.5557083487510681 0.48142188787460327 0.3486804962158203
11.0 0.9979628920555115 0.4877360761165619 0.0040742382407188416 0.16516664624214172
8.0 0.9449843764305115 0.7263472080230713 0.11003128439188004 0.12683327496051788
8.0 0.894054651260376 0.5557083487510681 0.21189065277576447 0.3486804962158203
