2.0 0.13909374177455902 0.4308888912200928 0.1593046933412552 0.4502639174461365
6.0 0.058591797947883606 0.4635833203792572 0.11718359589576721 0.2816944122314453
11.0 0.01450781524181366 0.6244444251060486 0.02901563048362732 0.6544166207313538
8.0 0.109375 0.559166669845581 0.21875 0.7889305949211121
2.0 0.2984062433242798 0.4308888912200928 0.1593046933412552 0.4502639174461365
6.0 0.40773436427116394 0.4635833203792572 0.1748359352350235 0.2816944122314453
11.0 0.5948671698570251 0.6244444251060486 0.3727656304836273 0.6544166207313538
8.0 0.5 0.559166669845581 0.5625 0.7889305949211121
11.0 0.890625 0.6244444251060486 0.21875 0.6544166207313538
8.0 0.890625 0.559166669845581 0.21875 0.7889305949211121
