6.0 0.9085078239440918 0.2086528092622757 0.07639843225479126 0.11223602294921875
2.0 0.816281259059906 0.15738195180892944 0.07006250321865082 0.3147639036178589
11.0 0.9676328301429749 0.2694757282733917 0.06473436951637268 0.5389514565467834
8.0 0.890625 0.3389201760292053 0.21875 0.6778403520584106
1.0 0.4011249840259552 0.6240277886390686 0.08525783568620682 0.10647222399711609
6.0 0.6539921760559082 0.2086528092622757 0.07639843225479126 0.11223602294921875
2.0 0.746218740940094 0.15738195180892944 0.07006250321865082 0.3147639036178589
11.0 0.43794530630111694 0.2694757282733917 0.3785781264305115 0.5389514565467834
8.0 0.5 0.3389201760292053 0.5625 0.6778403520584106
1.0 0.039501965045928955 0.6240277886390686 0.07900393009185791 0.10647222399711609
11.0 0.0944218710064888 0.2694757282733917 0.1888437420129776 0.5389514565467834
8.0 0.109375 0.3389201760292053 0.21875 0.6778403520584106
