0.0 0.07213541120290756 0.5 0.14427082240581512 1.0
13.0 0.04817577823996544 0.43137040734291077 0.09635155647993088 0.8395926356315613
19.0 0.05026042088866234 0.009210639633238316 0.10052084177732468 0.01842127926647663
8.0 0.012110674753785133 0.7730370759963989 0.024221349507570267 0.06436114758253098
7.0 0.008156241849064827 0.764212965965271 0.01545834168791771 0.043120384216308594
0.0 0.5372396111488342 0.5 0.4880208373069763 1.0
13.0 0.4437656104564667 0.43137040734291077 0.2052343636751175 0.8395926356315613
19.0 0.4045989513397217 0.009210639633238316 0.1352396011352539 0.01842127926647663
8.0 0.42776042222976685 0.7730370759963989 0.02896353229880333 0.06436114758253098
7.0 0.4293437600135803 0.764212965965271 0.01545834168791771 0.043120384216308594
11.0 0.5450104475021362 0.08353699743747711 0.033255234360694885 0.037666745483875275
7.0 0.5464687347412109 0.17499075829982758 0.020546860992908478 0.014157401397824287
8.0 0.5511249899864197 0.21121300756931305 0.07568751275539398 0.09911113232374191
0.0 0.890625 0.5 0.21875 1.0
8.0 0.9867656230926514 0.21121300756931305 0.026468772441148758 0.09911113232374191
