20.0 0.5373359322547913 0.12516668438911438 0.01737501472234726 0.04384718835353851
17.0 0.5437812805175781 0.3497360944747925 0.015437521040439606 0.03837500512599945
19.0 0.5386015176773071 0.3150416612625122 0.02251560240983963 0.0511389821767807
19.0 0.5512343645095825 0.4745138883590698 0.07422658056020737 0.2663889527320862
9.0 0.5336093902587891 0.8108333349227905 0.020335905253887177 0.01790279895067215
9.0 0.5427969098091125 0.7587500214576721 0.04172658920288086 0.11884721368551254
17.0 0.5507344007492065 0.6896805763244629 0.020335905253887177 0.017666710540652275
16.0 0.5477578043937683 0.6456527709960938 0.02699998766183853 0.0694027990102768
19.0 0.9870761632919312 0.4745138883590698 0.025847673416137695 0.2663889527320862
9.0 0.9994199275970459 0.7587500214576721 0.0011601857841014862 0.11884721368551254
