18.0 0.942062497138977 0.018379636108875275 0.08030728250741959 0.03675927221775055
23.0 0.960031270980835 0.10749997198581696 0.03529166802763939 0.15958340466022491
23.0 0.9538593888282776 0.24747222661972046 0.03207291662693024 0.14584265649318695
23.0 0.9569947719573975 0.7211759090423584 0.0292239747941494 0.10815736651420593
23.0 0.9596301913261414 0.6489536762237549 0.034494783729314804 0.14148150384426117
12.0 0.9313541650772095 0.9502661824226379 0.0593281164765358 0.09946759790182114
15.0 0.9903971552848816 0.6875647902488708 0.019205735996365547 0.1047777608036995
0.0 0.9423359632492065 0.5032963156700134 0.1153281182050705 0.7411018013954163
8.0 0.40823957324028015 0.23054631054401398 0.015630237758159637 0.028713013976812363
11.0 0.4069531261920929 0.22495365142822266 0.01082814484834671 0.0142500139772892
15.0 0.3982083201408386 0.25934261083602905 0.1595155894756317 0.2813703715801239
18.0 0.620437502861023 0.018379636108875275 0.08030728250741959 0.03675927221775055
23.0 0.602468729019165 0.10749997198581696 0.03529166802763939 0.15958340466022491
23.0 0.6086406111717224 0.24747222661972046 0.03207291662693024 0.14584265649318695
23.0 0.6055052280426025 0.7211759090423584 0.0292239747941494 0.10815736651420593
23.0 0.6028698086738586 0.6489536762237549 0.034494783729314804 0.14148150384426117
12.0 0.6311458349227905 0.9502661824226379 0.0593281164765358 0.09946759790182114
15.0 0.5561406016349792 0.6875647902488708 0.05113021284341812 0.1047777608036995
0.0 0.5578906536102295 0.5032963156700134 0.23987498879432678 0.7411018013954163
8.0 0.029260415583848953 0.23054631054401398 0.015630237758159637 0.028713013976812363
11.0 0.030546870082616806 0.22495365142822266 0.01082814484834671 0.0142500139772892
15.0 0.05952473729848862 0.25934261083602905 0.11904947459697723 0.2813703715801239
