4.0 0.023998050019145012 0.0621388740837574 0.047996100038290024 0.1242777481675148
5.0 0.16279686987400055 0.09203127026557922 0.1112968698143959 0.18406254053115845
8.0 0.109375 0.3984444737434387 0.21875 0.7968889474868774
4.0 0.534359335899353 0.0621388740837574 0.2897109091281891 0.1242777481675148
5.0 0.27470311522483826 0.09203127026557922 0.1112968698143959 0.18406254053115845
7.0 0.675000011920929 0.2888889014720917 0.21250002086162567 0.5777778029441833
8.0 0.5 0.3984444737434387 0.5625 0.7968889474868774
4.0 0.9416425824165344 0.0621388740837574 0.11671481281518936 0.1242777481675148
7.0 0.887499988079071 0.2888889014720917 0.21250002086162567 0.5777778029441833
8.0 0.890625 0.3984444737434387 0.21875 0.7968889474868774
