15.0 0.890625 0.5 0.21875 1.0
8.0 0.9333333373069763 0.4361018240451813 0.13333332538604736 0.3671759068965912
11.0 0.9962252378463745 0.33799996972084045 0.0075494758784770966 0.1494074910879135
6.0 0.948270857334137 0.32460179924964905 0.023046880960464478 0.05922211706638336
5.0 0.8955572843551636 0.3168611526489258 0.06463019549846649 0.10080549120903015
15.0 0.5 0.5 0.5625 1.0
8.0 0.4572916626930237 0.4361018240451813 0.47708332538604736 0.3671759068965912
11.0 0.4878177046775818 0.33799996972084045 0.16446353495121002 0.1494074910879135
6.0 0.614229142665863 0.32460179924964905 0.023046880960464478 0.05922211706638336
5.0 0.6669427156448364 0.3168611526489258 0.06463019549846649 0.10080549120903015
15.0 0.109375 0.5 0.21875 1.0
8.0 0.109375 0.4361018240451813 0.21875 0.3671759068965912
11.0 0.015957029536366463 0.33799996972084045 0.031914059072732925 0.1494074910879135
