23.0 0.5370859503746033 0.934833288192749 0.015812493860721588 0.05530555918812752
23.0 0.5250077843666077 0.8179444074630737 0.01332031935453415 0.04997221753001213
23.0 0.5315312147140503 0.8657361268997192 0.011992156505584717 0.0461527518928051
15.0 0.5178359746932983 0.39137500524520874 0.01623440533876419 0.046930525451898575
23.0 0.5241015553474426 0.43909719586372375 0.014812499284744263 0.050944432616233826
1.0 0.5975390672683716 0.35495832562446594 0.012062497437000275 0.012847264297306538
6.0 0.5522500276565552 0.33791670203208923 0.005632840096950531 0.013097126968204975
2.0 0.5420234203338623 0.33611106872558594 0.01715628057718277 0.029708437621593475
8.0 0.5924062728881836 0.3496805727481842 0.117921844124794 0.05812496691942215
7.0 0.5349922180175781 0.574013888835907 0.02928127348423004 0.03908337652683258
2.0 0.5125547051429749 0.5759305357933044 0.010664060711860657 0.024055587127804756
8.0 0.5572578310966492 0.5765416622161865 0.10169528424739838 0.06033335626125336
1.0 0.9649609327316284 0.35495832562446594 0.012062497437000275 0.012847264297306538
8.0 0.95556640625 0.3496805727481842 0.0888671800494194 0.05812496691942215
8.0 0.9771972894668579 0.5765416622161865 0.04560546204447746 0.06033335626125336
