6.0 0.09349999576807022 0.2560833692550659 0.14189845323562622 0.2244722545146942
2.0 0.13417187333106995 0.6075139045715332 0.1691562384366989 0.4144722521305084
11.0 0.109375 0.1335659623146057 0.21875 0.2671319246292114
8.0 0.109375 0.40902775526046753 0.21875 0.8180555105209351
6.0 0.3440000116825104 0.2560833692550659 0.14189845323562622 0.2244722545146942
2.0 0.30332812666893005 0.6075139045715332 0.1691562384366989 0.4144722521305084
11.0 0.4627109467983246 0.1335659623146057 0.48792189359664917 0.2671319246292114
8.0 0.46171873807907104 0.40902775526046753 0.4859374761581421 0.8180555105209351
11.0 0.9279140830039978 0.1335659623146057 0.14417187869548798 0.2671319246292114
8.0 0.928906261920929 0.40902775526046753 0.1421874761581421 0.8180555105209351
