19.0 0.9189765453338623 0.7052083611488342 0.0951562449336052 0.2084444910287857
22.0 0.9032968878746033 0.30218058824539185 0.13232029974460602 0.4354444742202759
20.0 0.91796875 0.06458335369825363 0.13750000298023224 0.12916670739650726
2.0 0.8787500262260437 0.9655555486679077 0.04786718636751175 0.06888887286186218
6.0 0.9073125123977661 0.976361095905304 0.006749996915459633 0.034861087799072266
11.0 0.9300234317779541 0.9543298482894897 0.10483594983816147 0.09134027361869812
8.0 0.9274082183837891 0.9533125162124634 0.14518359303474426 0.09337499737739563
19.0 0.6435234546661377 0.7052083611488342 0.0951562449336052 0.2084444910287857
22.0 0.6592031121253967 0.30218058824539185 0.13232029974460602 0.4354444742202759
20.0 0.64453125 0.06458335369825363 0.13750000298023224 0.12916670739650726
2.0 0.6837499737739563 0.9655555486679077 0.04786718636751175 0.06888887286186218
6.0 0.6551874876022339 0.976361095905304 0.006749996915459633 0.034861087799072266
11.0 0.6324765682220459 0.9543298482894897 0.10483594983816147 0.09134027361869812
8.0 0.5705312490463257 0.9533125162124634 0.27430471777915955 0.09337499737739563
8.0 0.0020605549216270447 0.9533125162124634 0.004121109843254089 0.09337499737739563
