11.0 0.9871640801429749 0.44534724950790405 0.025671888142824173 0.15619447827339172
11.0 0.9921875 0.7995972037315369 0.0156250037252903 0.10048612207174301
1.0 0.9082499742507935 0.7920694351196289 0.013992179185152054 0.01633336767554283
1.0 0.8506093621253967 0.5028611421585083 0.020710941404104233 0.03719441220164299
1.0 0.8549922108650208 0.44297218322753906 0.03364844247698784 0.041902754455804825
6.0 0.963492214679718 0.4438888728618622 0.021828118711709976 0.04799991101026535
6.0 0.9696953296661377 0.8142917156219482 0.01304686814546585 0.011569446884095669
2.0 0.9516640901565552 0.7893611192703247 0.033906240016222 0.0733194351196289
2.0 0.9279531240463257 0.45177778601646423 0.028890617191791534 0.06594446301460266
8.0 0.9192714691162109 0.46518051624298096 0.16145703196525574 0.18916665017604828
8.0 0.9501933455467224 0.7881667017936707 0.0996132642030716 0.11262501776218414
23.0 0.4945390522480011 0.5861666202545166 0.07342186570167542 0.13548606634140015
23.0 0.5030312538146973 0.30691665410995483 0.04471093416213989 0.15093061327934265
3.0 0.36207032203674316 0.4715556204319 0.07384376227855682 0.23472219705581665
11.0 0.5216718912124634 0.44534724950790405 0.13300001621246338 0.15619447827339172
11.0 0.5347343683242798 0.7995972037315369 0.08678126335144043 0.10048612207174301
1.0 0.5238671898841858 0.7922916412353516 0.020343750715255737 0.04563893377780914
1.0 0.6542500257492065 0.7920694351196289 0.013992179185152054 0.01633336767554283
1.0 0.7118906378746033 0.5028611421585083 0.020710941404104233 0.03719441220164299
1.0 0.7075077891349792 0.44297218322753906 0.03364844247698784 0.041902754455804825
6.0 0.599007785320282 0.4438888728618622 0.021828118711709976 0.04799991101026535
6.0 0.5928046703338623 0.8142917156219482 0.01304686814546585 0.011569446884095669
2.0 0.6108359098434448 0.7893611192703247 0.033906240016222 0.0733194351196289
2.0 0.6345468759536743 0.45177778601646423 0.028890617191791534 0.06594446301460266
8.0 0.4842265844345093 0.46518051624298096 0.4794608950614929 0.18916665017604828
8.0 0.4936484396457672 0.7881667017936707 0.33692964911460876 0.11262501776218414
3.0 0.07542967796325684 0.4715556204319 0.07384376227855682 0.23472219705581665
8.0 0.09650193899869919 0.46518051624298096 0.19300387799739838 0.18916665017604828
8.0 0.056158196181058884 0.7881667017936707 0.11231639236211777 0.11262501776218414
