0.0 0.890625 0.5 0.21875 1.0
0.0 0.5243541598320007 0.5 0.5137916803359985 1.0
8.0 0.38008853793144226 0.43448150157928467 0.11273961514234543 0.055611081421375275
11.0 0.39139583706855774 0.4337129592895508 0.03876563161611557 0.0480092354118824
6.0 0.416348934173584 0.42765745520591736 0.007140643894672394 0.01651848666369915
2.0 0.4280520975589752 0.42844444513320923 0.0123802050948143 0.031157387420535088
0.0 0.08502082526683807 0.5 0.17004165053367615 1.0
8.0 0.057411473244428635 0.43448150157928467 0.11273961514234543 0.055611081421375275
11.0 0.046104151755571365 0.4337129592895508 0.03876563161611557 0.0480092354118824
6.0 0.02115105837583542 0.42765745520591736 0.007140643894672394 0.01651848666369915
2.0 0.009447909891605377 0.42844444513320923 0.0123802050948143 0.031157387420535088
