2.0 0.8472890853881836 0.9591180682182312 0.06733594089746475 0.08176390081644058
6.0 0.9040312767028809 0.9757187366485596 0.024578120559453964 0.04856247454881668
11.0 0.9553574323654175 0.8938472270965576 0.08928515762090683 0.21230554580688477
8.0 0.905468761920929 0.8937499523162842 0.18906250596046448 0.21250003576278687
2.0 0.7152109146118164 0.9591180682182312 0.06733594089746475 0.08176390081644058
6.0 0.6584687232971191 0.9757187366485596 0.024578120559453964 0.04856247454881668
11.0 0.5367031097412109 0.8938472270965576 0.2301640659570694 0.21230554580688477
8.0 0.48515623807907104 0.8937499523162842 0.5328124761581421 0.21250003576278687
11.0 0.007939454168081284 0.8938472270965576 0.015878908336162567 0.21230554580688477
8.0 0.109375 0.8937499523162842 0.21875 0.21250003576278687
